2.6466e-8 4.6017e17
2.9433e-8 1.3938e17
3.2107e-8 5.0499e16
3.5023e-8 1.9422e16
3.7838e-8 7.4704e15
4.1273e-8 3.0497e15
4.5019e-8 1.3215e15
5.0056e-8 6.4505e14
5.5128e-8 2.633e14
6.1891e-8 1.1405e14
6.948e-8 5.5664e13
7.7998e-8 2.8837e13
8.8411e-8 1.3257e13
8.943e-8 1.14838e11
1.10594e-7 2.87891e10
1.34536e-7 1.07163e10
1.66363e-7 3.27357e9
2.12533e-7 1.05065e9
2.69307e-7 3.54288e8
3.44023e-7 1.38558e8
4.2188e-7 6.93748e7
5.52246e-7 2.99499e7
7.77973e-7 1.06109e7
1.17938e-6 3.7593e6
1.55646e-6 1.62293e6
2.02071e-6 896994.3336
2.71046e-6 449118.05555
3.63566e-6 224869.90192
4.8765e-6 124285.53922
6.3308e-6 75827.77734
8.7783e-6 34501.636
9.7715e-6 15566.729
1.0629e-5 10263.135
1.192e-5 6273.9555
1.3064e-5 4463.0046
1.4042e-5 2482.8929
1.5967e-5 943.6042
1.8153e-5 387.4675
2.0399e-5 178.6902
2.319e-5 85.659
2.6364e-5 38.0042
2.9622e-5 20.4609
3.487e-5 8.7332
4.2013e-5 3.5861
5.0615e-5 1.591
6.0977e-5 0.7337
7.4318e-5 0.3384
8.9523e-5 0.1753
1.0911e-4 0.084
1.3929e-4 0.0403
1.8628e-4 0.0172
