19.79250067
17.95689932
13.08352059
13.53766319
11.94818683
11.79332609
16.85214198
14.25743602
18.72266936
16.04050283
17.03881274
14.95033440
11.87170652
17.55678108
13.05056776
16.29860948
15.03539000
12.62222472
20.71566310
15.67497238
40.13717106
11.01493222
17.06212432
0.31522743
11.97587676
14.76193583
18.64022344
15.48790336
14.40650270
12.86138204
11.04796058
11.18206076
15.49538673
22.23712968
17.64992116
16.18338027
16.41807414
12.90765540
13.57187395
271.03882815
16.64647565
12.98313567
11.90792207
118.53655060
0.36399328
74.13744316
13.14917851
