20.98493076
18.45359774
18.06356763
15.11996714
13.60843289
10.12333304
11.19390303
17.28201607
19.68173966
12.99333652
17.48683724
12.23309879
15.44185452
11.10776053
10.92434736
19.48044289
13.57919361
12.31405996
15.96806615
13.74165024
13.91054502
10.93798291
14.20973075
13.59138429
9.81938917
13.74406042
13.09111331
189.78523737
16.68721623
17.60294231
18.90488728
13.55844430
11.64067354
14.74060435
17.27722390
16.66039827
15.34070826
106.66509275
14.51187843
13.19193200
11.90653120
13.68972870
15.35581482
13.85806121
14.64253171
207.25957616
30.90354392
3.89489818
5.04363883
13.08858290
11.33942767
13.95808632
45.06943859
11.50040209
13.52664850
19.31395127
11.27351299
