14.35813928
17.17338655
18.29677311
14.68770391
20.73723735
15.50820696
14.42143947
14.07035315
30.63441918
12.62353674
17.43372023
12.96909639
19.46683566
15.32666741
12.07503474
13.03406010
12.88196850
9.72788639
16.61859543
16.62556987
16.75555601
13.46406172
0.25738212
12.12021104
10.76860446
18.08555838
9.74489617
11.57504353
10.55109725
15.28230022
17.66961503
13.22077508
16.22528369
17.06212432
13.51807532
17.85886948
20.99755423
15.66228865
194.67967126
143.63098255
190.70738291
0.18199664
