18.93202496
16.77037563
14.30150857
19.13303244
14.82798008
15.48897263
14.34890872
12.95248490
13.45914065
15.48469509
14.82462900
13.55844430
12.45979355
11.83817846
14.42373606
13.48864017
13.74887951
14.63121687
17.31648057
11.28085586
14.70122850
10.73625930
12.04894731
13.68125770
13.33303955
13.42217507
13.93908926
12.47307834
12.92688708
10.16903680
12.49297902
12.11064227
16.54668770
10.85133503
12.47042251
16.87473002
14.83579633
11.07790091
18.17963333
28.56767580
15.12106243
17.20036754
26.31094901
0.31522743
20.17455533
16.62058842
18.00755358
14.32580629
16.75259051
12.54853304
15.95769122
12.33958693
11.14794416
17.05629941
16.75950919
1.62782743
13.65460037
12.79813001
195.48828316
0.18199664
229.83841096
11.32773754
7.21359013
