14.53240605
17.65555022
16.43319811
15.47720655
17.41185737
17.23211232
15.87236092
14.88038184
11.75675755
12.69679311
13.89625091
15.41179526
17.09800073
16.74369087
14.38694662
2.04290722
13.13657747
14.21322681
13.77415210
10.85591269
235.25570222
17.34419384
2.52181942
9.82613325
14.14548321
10.18368374
16.56369407
13.19444260
19.95167995
1.73613729
12.05993837
97.06019185
11.48310824
16.41101152
32.36624887
80.92140402
12.49695536
16.84821053
10.92131492
129.40229862
12.78388757
18.20421333
11.27204384
11.53634767
85.83992634
