10.91524753
16.45736756
15.79286263
16.43118239
10.57304933
11.74689272
17.04658681
13.73441715
12.88453949
16.06938608
15.21713946
12.76573783
13.79217560
14.07976633
12.71894817
14.13611379
13.15799206
17.06988777
17.02325396
10.37540481
11.57647422
15.21605109
13.59625750
13.81377276
17.07667790
12.55381108
15.90987936
11.32335063
18.60287003
11.93292998
13.12144026
13.26829150
14.60629337
9.72618378
90.68785002
17.56055390
15.99708019
16.32906471
13.11891569
14.20739957
12.57358399
19.44896173
17.03200752
12.95376346
17.76029855
11.98831636
10.29689317
16.16904692
97.88323439
12.66414173
14.62555617
15.53701381
14.84807069
11.63213410
14.16303417
16.05907660
11.99798268
14.60629337
11.70735029
272.19177973
10.68213305
13.20071700
11.29112786
0.40695686
7.27531426
6.75106962
7.16521488
