20.10795210
16.12186188
18.82675850
15.30071199
12.13523243
179.64082491
15.12653771
12.20056390
15.91300190
14.02201140
13.09743722
13.82934973
13.18188483
17.68928697
15.86923038
14.68432081
15.48683401
18.39787100
16.28234340
17.56809709
14.74958978
15.72244523
16.74369087
14.82015971
14.72936485
12.06954734
13.58529032
13.17560146
17.79569808
23.08561198
153.58974530
15.56257513
12.16794201
12.80330516
14.60515948
10.87572694
11.05994644
14.88149477
13.93433595
16.67828170
12.19920640
29.28336681
28.42761881
1.72657173
15.64959464
13.47389848
191.81116218
0.44579890
13.34917750
13.68125770
