18.00479430
13.25080528
13.89744265
13.80057851
16.00329063
12.70852707
14.51187843
12.74496363
12.26284662
16.67530246
19.60163800
15.05850360
13.29198601
12.07366312
15.49645549
16.40192654
11.30285586
12.34763711
14.79555449
15.50713901
15.89008900
16.36654811
16.27115103
15.49111096
12.79165814
13.32185568
1.20722914
11.88146772
12.24392455
14.07153014
0.18199664
10.61681731
12.73196254
14.42718026
14.19923741
10.13641228
17.24364139
17.41471061
16.09513089
16.82460257
13.16050913
14.72936485
15.80648937
13.94146531
138.33097564
190.25953452
11.80174889
198.44303050
14.28876471
15.23780385
