19.09490844
17.38425197
13.16931509
13.47021054
16.76346144
14.61989328
13.93552443
12.45447567
16.77531260
16.09204368
14.63348054
0.18199664
17.18784592
13.82216254
18.42665423
10.17229350
85.52680314
15.52421737
13.71148722
17.66586551
15.05630384
17.88481637
13.40612500
15.56257513
100.17456135
13.59625750
14.92594377
11.17761668
13.98179636
12.41718674
12.96526486
165.93562976
18.76949268
18.22058158
16.06010784
14.59948867
140.50612083
16.94915468
17.40329486
13.45667943
16.59965003
16.91198329
15.23889067
0.18199664
15.55725332
14.37082162
12.47838829
13.28949384
15.19862646
17.51617203
17.42041567
39.75366565
15.44721609
12.45181588
11.56788739
15.57214981
16.57269037
2.05099797
112.69648714
116.56284505
