15.11448949
14.77427155
16.94231344
14.26904726
13.03151861
10.19506125
11.85495434
13.12144026
13.24955538
17.73323558
20.21801647
15.15497724
11.46578831
14.78659699
16.24976239
12.99333652
11.96203980
18.31215426
13.12396434
17.68928697
14.86924799
14.11500985
14.36390537
10.09220189
13.25955127
15.43541818
15.38275392
16.88356059
17.49157198
18.74565390
15.17026875
17.64710595
74.28629329
13.28076756
11.35402342
14.67529542
11.25292745
0.63045485
18.26687862
11.09881108
17.59447280
13.81017558
0.65619822
16.15162503
256.69469595
126.54408417
16.90904522
11.43106972
12.94736938
12.61172370
3.73425884
14.55859366
21.99073766
10.45015768
74.46443173
17.06018291
4.96420649
14.84695526
