19.79250067
17.95689932
13.08352059
13.53766319
11.94818683
11.79332609
16.85214198
14.25743602
18.72266936
16.04050283
17.03881274
14.95033440
11.87170652
17.55678108
13.05056776
16.29860948
15.03539000
12.62222472
20.71566310
15.67497238
11.01493222
17.06212432
11.97587676
14.76193583
18.64022344
15.48790336
14.40650270
12.86138204
11.04796058
11.18206076
15.49538673
22.23712968
17.64992116
16.18338027
16.41807414
12.90765540
13.57187395
16.64647565
12.98313567
11.90792207
13.14917851
16.56269418
16.18747319
17.96151016
13.42957633
19.11744545
15.92028546
12.12977226
18.20330355
15.22149219
11.75675755
9.68352113
16.90316756
13.52297495
11.88843510
11.48310824
12.74886137
12.06817509
13.74165024
14.98242501
17.49819847
15.00230879
10.74551071
15.74349833
8.52863518
15.37629284
13.74285538
14.23883835
16.22936604
11.55069459
17.12316622
10.64330292
16.97454083
13.18565342
13.84132008
15.53381569
12.05993837
16.02190754
13.04549071
11.92459984
11.71866175
14.46157714
12.40250684
12.85365362
14.00901329
11.34234833
14.41454750
15.61251150
12.12021104
17.05047252
17.07764769
16.90512701
17.57186747
16.82952362
13.80777694
12.10517101
14.36044599
11.32773754
13.83892684
20.24666607
16.65343842
15.16153263
15.70136391
15.22693135
15.69292345
17.77614390
14.56996490
14.83244701
14.21206156
14.46844671
20.31689066
16.07968895
14.51758346
16.53867866
9.13797136
10.38657231
10.21939899
13.72476711
11.84656937
15.68659012
12.25879435
15.16153263
13.75730887
12.98058420
10.85591269
16.65741583
11.83817846
22.71971293
15.23889067
14.69897526
14.73610958
13.27453100
10.64019039
9.78729129
13.64368009
15.20189510
13.71269501
9.65954774
11.36568652
12.61172370
18.56365727
16.53066573
12.60909708
14.61989328
15.52635084
16.50359338
12.66806434
19.48979235
16.88846447
15.29638180
16.57069162
13.75490101
18.04522152
11.98693482
13.59016571
18.12032250
14.90151323
15.66017370
18.57257653
15.25626931
12.63402794
12.76314291
15.38598345
13.52787280
15.60720672
15.11339372
11.59505720
12.24527709
12.50622855
13.72356038
13.52052535
10.21129285
10.24529551
13.10502187
9.06153210
14.37888638
14.30613989
16.68523119
16.50560027
12.02004796
10.96067114
9.58208420
14.83802878
23.99182397
19.10444657
13.11765322
12.40250684
12.00626191
13.58285196
18.72090015
18.33294350
16.38980539
13.54377859
14.16420346
17.37567586
14.08094253
19.42339901
15.82219795
11.38024858
12.74106470
14.79555449
13.05944786
11.66625434
16.88061758
11.37005709
15.01113758
12.24257185
11.91904317
16.72092581
14.38349278
14.71811676
11.34964667
12.89995470
18.95650302
17.01352249
16.55769382
15.00672384
17.98915035
13.73441715
15.52208360
10.83911849
21.69503768
11.82137876
12.61041046
17.02325396
12.40117145
14.45585001
15.66123121
15.83370767
12.19241661
11.81437184
17.83567071
16.68423859
14.13494218
12.11064227
16.81771067
12.02280327
17.13573510
11.73701960
12.07091942
14.07153014
13.41230038
19.35592234
15.29205039
16.86098438
19.84097285
14.16069530
13.75730887
11.07939580
15.18009088
19.55850073
11.62501311
10.88638121
13.58529032
11.60647809
14.53354562
12.81235663
11.32481312
13.61694919
17.48304852
15.49004183
15.80229778
10.53067221
11.47012075
17.02811760
10.26951419
13.89982582
12.82785858
14.56428039
15.24866860
11.01042068
11.91626387
20.98493076
18.45359774
18.06356763
15.11996714
13.60843289
10.12333304
11.19390303
17.28201607
19.68173966
12.99333652
17.48683724
12.23309879
15.44185452
11.10776053
10.92434736
19.48044289
13.57919361
12.31405996
15.96806615
13.74165024
13.91054502
10.93798291
14.20973075
13.59138429
9.81938917
13.74406042
13.09111331
16.68721623
17.60294231
18.90488728
13.55844430
11.64067354
14.74060435
17.27722390
16.66039827
15.34070826
14.51187843
13.19193200
11.90653120
13.68972870
15.35581482
13.85806121
14.64253171
13.08858290
11.33942767
13.95808632
11.50040209
13.52664850
19.31395127
11.27351299
18.19784393
15.29638180
14.60062301
12.05993837
11.80455516
18.79682583
13.72597374
11.71159337
13.35041807
10.78243697
14.25162686
14.36044599
14.70911210
11.84936502
17.65930193
16.10747378
13.59260275
13.08731750
18.68991186
13.44313471
12.96654216
13.00862280
14.54721354
9.79743882
14.85922040
13.68488877
14.30266654
12.07366312
14.00310106
16.97454083
16.12699738
17.33655323
18.13585330
12.90380562
12.33421722
13.71873239
13.24830536
15.30395882
15.55512409
17.29638463
15.01003426
12.11200970
15.11996714
12.56699647
18.74653736
17.70987224
11.44699548
10.51020747
11.31603533
11.90931277
17.19940466
10.46124538
12.04757272
14.76305768
13.03787142
11.62358839
17.30787088
15.73823770
8.01612046
15.69503399
22.32038726
13.34669601
12.56304231
10.76552815
10.99536883
8.48775823
15.20734127
10.36742066
11.57790474
12.65236661
11.54782663
12.97420334
15.52315052
11.50903927
11.53347615
18.98792845
12.38379817
14.77427155
12.58148445
19.75900229
17.76682482
10.63396259
14.06682158
12.94609019
13.57797394
13.91292594
12.07914866
9.98496663
17.61140775
18.25962411
19.07668603
14.99789245
12.51681808
16.59266470
14.11852937
17.32413004
14.38579543
16.85214198
16.21303049
14.59268080
13.12648794
14.26788656
15.33422947
14.49246454
15.84311849
14.26092039
12.21413064
16.08380825
15.68553432
18.71205159
17.62550779
9.08708330
10.58713734
11.33942767
11.63355777
19.71284908
13.40736030
15.16590132
18.13311353
14.83133040
10.76706642
17.21576626
21.78340887
15.78761845
11.62786203
16.28946180
12.59332585
17.98822970
13.47881417
14.40190366
15.66546055
14.00783104
11.81296995
17.97072828
19.17799038
13.58163262
13.98890153
16.36857179
14.87481596
12.08874236
15.54979973
12.70592046
16.30267346
15.00230879
19.04018890
12.31809405
12.20463550
10.79931931
14.46386736
13.87955585
19.00187862
12.90380562
15.31910162
12.38647257
22.29588832
14.02201140
13.64003805
15.66968874
11.98555312
15.71823123
15.60190013
20.76437303
12.50225517
14.51986484
20.93910691
15.49859278
11.34234833
11.60933156
14.99789245
11.95650054
13.95333948
13.68972870
17.71174244
10.69452891
10.81311253
14.59948867
15.73508047
16.75160190
17.87277428
14.74285122
14.11500985
16.09821750
12.12294359
13.72959298
12.57226676
22.89760764
11.75112152
18.31757981
14.35813928
17.17338655
18.29677311
14.68770391
20.73723735
15.50820696
14.42143947
14.07035315
12.62353674
17.43372023
12.96909639
19.46683566
15.32666741
12.07503474
13.03406010
12.88196850
9.72788639
16.61859543
16.62556987
16.75555601
13.46406172
12.12021104
10.76860446
18.08555838
9.74489617
11.57504353
10.55109725
15.28230022
17.66961503
13.22077508
16.22528369
17.06212432
13.51807532
17.85886948
20.99755423
15.66228865
18.93202496
16.77037563
14.30150857
19.13303244
14.82798008
15.48897263
14.34890872
12.95248490
13.45914065
15.48469509
14.82462900
13.55844430
12.45979355
11.83817846
14.42373606
13.48864017
13.74887951
14.63121687
17.31648057
11.28085586
14.70122850
10.73625930
12.04894731
13.68125770
13.33303955
13.42217507
13.93908926
12.47307834
12.92688708
10.16903680
12.49297902
12.11064227
16.54668770
10.85133503
12.47042251
16.87473002
14.83579633
11.07790091
18.17963333
15.12106243
17.20036754
20.17455533
16.62058842
18.00755358
14.32580629
16.75259051
12.54853304
15.95769122
12.33958693
11.14794416
17.05629941
16.75950919
13.65460037
12.79813001
11.32773754
16.45736756
13.03914161
13.02516270
11.43831145
11.85635126
14.19923741
14.41454750
16.91589991
16.21915825
12.66675694
11.37733766
14.39385180
13.51930039
18.30129832
14.81680686
11.44265429
13.19067652
16.73676565
12.21955312
18.25690292
19.61261860
9.12527595
11.92459984
11.83677939
12.01315691
13.14917851
14.54721354
11.30578596
10.57618162
9.74999332
14.53240605
17.65555022
16.43319811
15.47720655
17.41185737
17.23211232
15.87236092
14.88038184
11.75675755
12.69679311
13.89625091
15.41179526
17.09800073
16.74369087
14.38694662
13.13657747
14.21322681
13.77415210
10.85591269
17.34419384
9.82613325
14.14548321
10.18368374
16.56369407
13.19444260
19.95167995
12.05993837
11.48310824
16.41101152
12.49695536
16.84821053
10.92131492
12.78388757
18.20421333
11.27204384
11.53634767
10.91524753
16.45736756
15.79286263
16.43118239
10.57304933
11.74689272
17.04658681
13.73441715
12.88453949
16.06938608
15.21713946
12.76573783
13.79217560
14.07976633
12.71894817
14.13611379
13.15799206
17.06988777
17.02325396
10.37540481
11.57647422
15.21605109
13.59625750
13.81377276
17.07667790
12.55381108
15.90987936
11.32335063
18.60287003
11.93292998
13.12144026
13.26829150
14.60629337
9.72618378
17.56055390
15.99708019
16.32906471
13.11891569
14.20739957
12.57358399
19.44896173
17.03200752
12.95376346
17.76029855
11.98831636
10.29689317
16.16904692
12.66414173
14.62555617
15.53701381
14.84807069
11.63213410
14.16303417
16.05907660
11.99798268
14.60629337
11.70735029
10.68213305
13.20071700
11.29112786
19.63034352
15.42790572
17.19073633
17.61234811
14.14197041
16.05804528
18.94514214
17.41185737
13.37520535
12.53532822
16.57668716
11.15388498
10.85133503
15.02437103
15.35905001
15.48041637
19.28219829
13.88790589
17.39948795
11.98002472
15.16808519
13.64974799
15.23562997
21.46943324
20.83762181
15.72455181
13.95096546
15.71401610
15.13748231
19.13130118
18.12854634
11.72996229
15.92444599
14.23883835
14.50274572
17.14926052
15.28988422
11.27351299
16.46642195
18.46705475
15.26820566
15.00672384
13.09111331
11.21755007
17.38615720
16.23242713
11.73701960
16.10850193
16.42009148
14.43062363
16.46038624
15.26603611
17.31839326
16.67530246
19.80755645
18.18054430
12.50357977
15.57640334
14.18173126
11.67476882
13.14161934
17.27818244
15.09914148
16.07556859
16.67530246
16.57768621
18.61443981
14.18873631
13.00225570
16.17314346
15.33098904
15.82952328
19.44044456
14.11500985
11.34818737
14.46043190
24.61130272
13.18314115
14.35583219
21.47328986
17.51428095
12.31271497
20.28425830
16.05598246
15.20951919
15.68764586
16.51663376
16.12802428
13.56943318
12.77222284
15.56257513
13.07465685
11.10179503
12.68504830
21.68816624
12.53400698
14.80562520
13.52787280
17.34705820
14.95587218
14.49817721
16.57069162
13.12901105
15.95665335
12.35300098
11.93015391
13.04549071
15.41931557
15.65911612
13.09490802
13.48741231
16.49154696
14.01374127
12.32884517
11.86054103
12.56304231
15.59659173
15.30612300
17.53412716
15.65065287
13.33800715
12.46909439
16.48351113
16.35338805
17.41471061
19.07234480
13.67883646
15.77817452
14.71474066
14.26440390
14.63574386
17.91072568
20.01135610
16.25383858
20.03616870
14.73048918
13.32309880
15.07718866
11.19390303
13.52419957
15.76452331
17.89314846
13.02007574
20.17537622
18.57614303
15.47506630
13.34297290
13.64489388
16.44327303
17.05824127
18.49393940
14.82798008
13.27952049
11.13159056
13.92720294
12.27904233
19.47534129
10.96067114
13.18690937
15.58065570
12.81752603
18.43563978
14.54607504
14.27600947
18.32481139
14.08564637
13.17308727
12.35568205
14.07506052
11.07341502
11.93292998
23.07700170
17.28393257
13.88432792
14.68544860
13.47021054
15.95665335
14.30729749
16.96868586
13.25080528
19.65984954
15.46114747
13.36653503
15.25084062
11.99798268
14.92594377
16.09718869
16.61560548
16.11364168
17.55583775
16.07556859
16.44025120
13.23079272
15.58278145
8.31427901
17.19266301
20.31770579
15.63265326
15.65276911
16.09307282
10.04120177
19.47364046
19.13303244
15.30720497
13.55600112
13.22578485
17.55300746
13.31315061
19.66321884
18.42665423
16.55869401
18.33655662
15.92340596
14.32811821
16.13418432
16.43924380
16.14444584
17.59635527
22.08092562
12.07914866
13.18942093
17.12896839
16.64548074
15.26169608
12.56040551
15.09036419
13.48372806
15.46650235
14.12673816
13.43080947
13.88074902
23.98906264
11.60219658
13.43080947
11.75534880
14.68883143
12.88967994
15.74770557
19.27017001
21.67136022
13.85686609
20.10795210
16.12186188
18.82675850
15.30071199
12.13523243
15.12653771
12.20056390
15.91300190
14.02201140
13.09743722
13.82934973
13.18188483
17.68928697
15.86923038
14.68432081
15.48683401
18.39787100
16.28234340
17.56809709
14.74958978
15.72244523
16.74369087
14.82015971
14.72936485
12.06954734
13.58529032
13.17560146
17.79569808
23.08561198
15.56257513
12.16794201
12.80330516
14.60515948
10.87572694
11.05994644
14.88149477
13.93433595
16.67828170
12.19920640
15.64959464
13.47389848
13.34917750
13.68125770
18.00479430
13.25080528
13.89744265
13.80057851
16.00329063
12.70852707
14.51187843
12.74496363
12.26284662
16.67530246
19.60163800
15.05850360
13.29198601
12.07366312
15.49645549
16.40192654
11.30285586
12.34763711
14.79555449
15.50713901
15.89008900
16.36654811
16.27115103
15.49111096
12.79165814
13.32185568
11.88146772
12.24392455
14.07153014
10.61681731
12.73196254
14.42718026
14.19923741
10.13641228
17.24364139
17.41471061
16.09513089
16.82460257
13.16050913
14.72936485
15.80648937
13.94146531
11.80174889
14.28876471
15.23780385
17.16374021
13.35041807
14.18990348
13.41476973
11.98555312
10.15599957
14.62555617
19.16071135
12.16794201
10.24206202
15.98050719
15.35473628
18.54669885
16.85312470
14.89706701
19.24781182
17.14346522
19.00884987
12.49297902
8.67114200
19.09490844
17.38425197
13.16931509
13.47021054
16.76346144
14.61989328
13.93552443
12.45447567
16.77531260
16.09204368
14.63348054
17.18784592
13.82216254
18.42665423
10.17229350
15.52421737
13.71148722
17.66586551
15.05630384
17.88481637
13.40612500
15.56257513
13.59625750
14.92594377
11.17761668
13.98179636
12.41718674
12.96526486
18.76949268
18.22058158
16.06010784
14.59948867
16.94915468
17.40329486
13.45667943
16.59965003
16.91198329
15.23889067
15.55725332
14.37082162
12.47838829
13.28949384
15.19862646
17.51617203
17.42041567
15.44721609
12.45181588
11.56788739
15.57214981
16.57269037
15.11448949
14.77427155
16.94231344
14.26904726
13.03151861
10.19506125
11.85495434
13.12144026
13.24955538
17.73323558
20.21801647
15.15497724
11.46578831
14.78659699
16.24976239
12.99333652
11.96203980
18.31215426
13.12396434
17.68928697
14.86924799
14.11500985
14.36390537
10.09220189
13.25955127
15.43541818
15.38275392
16.88356059
17.49157198
18.74565390
15.17026875
17.64710595
13.28076756
11.35402342
14.67529542
11.25292745
18.26687862
11.09881108
17.59447280
13.81017558
16.15162503
16.90904522
11.43106972
12.94736938
12.61172370
14.55859366
21.99073766
10.45015768
17.06018291
14.84695526
16.45736756
11.50903927
14.53012664
13.08984817
10.28401802
12.95120621
15.47827657
13.42834307
13.89267509
11.13456573
10.87268094
14.59154584
11.91487398
14.35929268
13.45667943
14.78771697
18.45539257
15.46007627
10.76398967
14.75071258
15.78656940
12.16385813
10.07084619
12.94225185
14.54038119
9.99822688
10.97727937
14.70235499
16.81672588
18.64644173
15.14076415
18.42935036
19.03322913
17.77148497
12.10106593
9.92006906
11.09134769
10.11351250
10.48970280
18.70408431
17.88481637
16.67530246
16.69713788
13.43327543
15.55299456
11.26028375
12.59201069
14.15016560
17.86535973
13.31315061
20.07415513
17.23691704
11.02545198
15.91716434
12.75665328
11.27791928
12.28578424
16.85705500
14.03971672
15.61251150
15.99190297
16.15470084
15.75506554
9.61142158
13.94265318
13.05817964
14.59948867
13.49845902
11.72290073
11.98417126
14.71924196
13.41353511
11.63355777
15.63477194
13.01116877
18.32752249
13.48249976
13.71511028
15.88070601
14.44553546
18.02501925
11.17613492
17.13186873
14.09739910
20.01632108
12.25744329
21.50334778
15.56576735
14.00428371
13.57187395
16.91785788
15.96599171
17.94305971
13.11891569
9.24428280
15.69819927
17.67148949
16.77728698
16.76741275
14.07388383
17.66305284
16.07144718
20.60102281
12.24527709
18.34197495
21.80088819
14.62329128
18.11758039
14.09622427
12.26014525
14.26904726
12.26284662
12.82914956
24.67917385
12.97930828
14.99789245
13.10249414
17.52089885
14.81009888
14.14431238
17.98270478
15.17463493
21.26792518
13.81137474
12.81752603
18.87683326
12.70852707
13.31812563
19.61684027
13.74406042
19.07842225
15.78132313
21.15706046
14.54721354
11.23672664
15.16590132
13.25580369
13.52419957
14.29224144
17.80221137
14.70798613
15.43434519
18.79858790
11.36714356
15.01665293
12.61960029
