678.65001933
506.78530116
195.99020802
217.12078163
149.25779583
143.52753704
418.87520859
253.63441877
574.43324262
361.21352769
432.95151400
292.44749433
146.40913258
473.65380130
194.51270610
378.93509422
297.46820757
175.97752440
778.11898630
337.07440608
116.93515560
434.73120724
150.29820176
281.52839912
566.87716437
325.14779189
261.67495372
186.17367092
117.99054512
122.34081259
325.61940614
962.48391024
481.23313193
370.95354046
387.33004538
188.19086129
218.77134058
403.72348210
191.51244179
147.75349297
198.95636922
397.65745835
371.23510576
507.17583426
211.96052136
611.54552636
353.15156150
156.16878478
527.93774503
308.65326524
142.19615754
79.43977549
422.69212476
216.41467615
147.02909770
132.49353756
181.32881488
153.80106148
227.08634865
294.33506737
468.92761475
295.50869859
108.56008409
341.51520825
54.26231324
318.16785785
227.14611248
252.64298662
374.12524749
134.84749046
439.41446375
105.49066063
428.06992482
200.61701404
232.06455799
328.04844692
153.48627729
359.95856075
194.28572926
148.37534703
140.81795578
264.68806870
166.94453820
185.83817769
240.60357364
127.67928900
262.11365007
333.06033318
155.79968086
433.84105689
435.91902027
422.83915984
474.87602488
417.19064148
230.38114186
155.22024902
259.17282361
127.18636010
231.94417866
726.45261047
404.23036497
305.01952197
338.78011386
308.98431620
338.23397520
491.63300760
270.68531956
285.58263145
251.22007228
265.06551625
734.03857745
363.86767976
267.77579491
395.92993847
66.75044160
98.03705857
93.37741070
226.25020265
145.48082418
337.82456370
161.20673379
305.01952197
227.86368949
191.39952877
111.94184527
404.52010684
145.17182574
1026.52129439
309.71304466
277.94089373
280.05310388
204.70209994
105.39810673
82.02218827
222.26291406
307.46246175
225.65358555
78.85098583
128.46929581
175.53857066
559.91956526
395.35465561
175.42888940
273.47813378
327.57566218
393.41513660
177.90223804
647.98279264
421.58990754
313.23220086
398.23385529
227.74404095
514.30102210
150.71503811
219.65728072
520.74984119
289.59133181
336.12046431
560.72711603
310.77403433
176.47178418
181.93902894
318.76989346
216.64995935
332.72089516
302.12287365
136.40764297
160.67391585
171.16919045
226.19051742
216.29706604
93.15530008
94.08934758
196.95828005
65.08853654
260.17271411
256.24307873
406.55023918
393.55869619
151.96785350
115.21498739
76.96836749
285.90522258
1208.79959623
610.29878327
197.52847651
166.94453820
151.44542674
219.30276135
574.27039570
539.29917586
385.33247792
217.41521853
248.69022557
459.14487635
244.32951106
641.38245567
346.66322781
128.96387414
180.99625934
283.45657593
194.91012859
138.93659024
421.00245030
128.61760258
296.03081249
160.56742296
148.16796539
409.16538249
260.42288701
279.02833621
127.92599163
187.85415988
596.22846488
431.02626163
397.29735173
295.76971748
509.52113483
226.72787427
327.30560156
111.42295188
893.79089734
144.55448580
175.48372724
431.76640515
166.89060512
264.37366636
336.18857297
347.42042739
158.60155428
144.29751996
496.58915683
406.47767666
247.15183087
155.43086812
416.31263628
152.07241068
440.38292996
141.48097560
153.90603753
243.83977709
211.14339218
634.72049896
312.96614217
419.53500250
683.64881418
248.50545029
227.86368949
119.00090663
306.14114735
654.86078819
137.46791443
112.88734378
219.42091355
136.81123315
268.66019247
184.05229025
127.08785062
220.95881717
467.71052113
325.28251528
345.35663552
102.17583775
132.04435939
432.13663490
94.75842346
235.02034991
184.72132426
270.36855936
310.30970301
116.79148402
148.06431108
808.86048662
550.01848712
515.87143466
302.51732832
220.54441387
90.76777657
122.73003779
451.75911652
667.31913757
191.96431493
468.01469584
160.19488288
322.25573683
119.91751430
114.07293854
647.05061190
219.12557337
163.39742339
356.34128816
227.08634865
235.56460452
114.50076228
251.09646678
219.71638604
82.83215471
227.20588185
196.33169896
406.69537842
477.40017406
591.37086478
218.12240968
138.02438602
280.30949121
451.38336383
404.73745906
315.96364425
267.46017409
200.90379666
147.70171106
224.52146119
316.89814134
232.90779716
274.75074983
196.21784695
127.58065211
237.98858489
133.09323259
216.59113038
630.60006548
125.36806019
527.46280709
313.23220086
272.39795935
153.48627729
143.93802373
581.28669459
226.30989344
140.56322449
208.23367735
109.68349352
253.32445746
259.17282361
278.51642236
145.58387233
482.00094857
365.75745625
219.77549614
196.16092869
571.42306685
212.60328880
190.77890491
192.64279001
269.41902130
82.27768039
287.13217634
224.28336088
256.05645083
154.01103720
240.29901572
428.06992482
367.08925422
456.05005923
522.09014093
188.02248527
164.20135482
225.95182857
203.49097764
313.69798500
329.40051199
452.88700099
295.96553114
155.48353782
302.51732832
173.67709935
576.63318248
486.15420302
131.24707642
101.58109684
126.79247501
147.80528066
445.31070787
100.16754764
153.01450384
281.59260067
193.94542933
137.41736333
453.78998256
341.17292091
45.05118565
338.37048229
973.33614060
208.05952295
173.51316991
109.16811880
116.31300375
53.48540834
307.79308662
97.49555516
135.80300337
177.24155026
134.74704090
191.11734379
327.37310976
133.39341846
134.24516814
599.19892515
166.18999959
282.23488761
174.27861628
675.20970540
490.86010726
105.21307997
243.59503278
189.87737974
219.06652128
235.68560682
154.22110853
87.09516771
478.08935213
532.85377770
607.64190161
295.24775711
171.60447475
399.82038073
246.29172058
455.07023300
260.54800368
418.87520859
372.99649853
271.95359617
197.92794116
254.19266809
315.56342755
266.38799245
348.04036352
253.82045673
159.45066908
364.14744072
337.75634475
573.45639190
479.23871913
65.64095237
103.82883952
127.58065211
137.77135128
670.48880106
210.91011974
305.28331034
521.85353339
285.51812757
109.21493783
446.58294170
904.75848814
344.39493650
137.56903535
378.29732100
174.77128168
509.44290051
214.30096460
261.42438042
336.46105449
240.54265158
144.24614481
507.95720031
617.37486015
219.24369341
239.56860242
383.83656342
288.03736762
154.58896272
329.06232212
179.50227926
379.21866336
295.50869859
604.16061362
163.55810441
159.07899519
110.19967655
264.81386468
233.99345880
600.52070788
188.02248527
314.63024532
166.29772117
970.13439542
241.27405241
222.08493198
336.73360905
150.66291251
339.87327173
332.38157212
783.62130951
171.00605412
267.90207774
803.57276594
325.82159612
127.67928900
136.91219288
295.24775711
149.56966454
237.74581484
224.52146119
486.30825512
107.02170413
110.62260862
272.33446392
340.96760293
411.42178614
499.69515381
280.43771413
246.10754097
365.12716834
155.90510954
226.48899659
173.89575264
1050.82532555
141.99169725
537.94429671
259.04792777
443.29258952
536.11303436
277.30188368
780.55284694
326.42841743
262.48987038
243.77858345
176.03241958
463.76225400
190.89169567
645.69551146
315.09672119
154.06354614
193.77535374
187.06930538
80.53710793
401.69807428
402.20410799
411.71323586
213.59793209
155.79968086
109.26176324
517.75803382
80.96049322
135.70231734
102.77173465
312.36778518
482.84601843
202.22475484
373.84295338
434.73120724
216.17947792
498.52964894
810.32120217
336.25668632
593.92151175
412.80678562
255.99425164
613.04273632
285.32464591
325.21515114
258.54854452
190.15895345
213.36375941
324.94574099
285.13120780
218.12240968
169.26916101
145.17182574
262.61531703
214.77008042
227.44501102
274.11419543
454.46761226
125.61326599
278.06875496
108.27983460
153.06689928
224.10484097
207.42137172
211.61019412
237.01800036
169.81130529
189.03349359
92.00317247
170.62560375
155.43086812
396.50549941
111.80024916
169.70283004
420.56203675
285.77617191
118.95272917
525.88070790
302.58308731
445.38551182
718.71746691
401.84263325
511.08667164
257.30149206
411.49464175
172.91253603
355.64705673
164.41595865
121.22408846
434.28605566
412.00475458
222.79714483
183.43972014
127.18636010
390.11810320
194.00213214
193.37870492
130.94851050
145.84159906
250.54049511
262.11365007
423.64815605
373.41964621
177.84714948
128.86490784
260.98606952
216.23826929
536.51095797
284.68002198
131.09776517
200.84642907
410.32946131
159.66318387
532.61555549
660.31234696
66.47248844
148.37534703
145.12034704
151.70656506
198.95636922
269.41902130
126.44815977
103.50673037
81.08765310
268.59698915
481.69377294
388.40158621
324.47445233
462.01946689
447.85638441
349.97140840
288.36088022
142.19615754
179.11562530
234.83902468
320.37717349
437.47966388
410.83909249
260.61056970
198.38480066
251.28188202
228.70181532
111.94184527
456.65337772
83.00301155
247.70528615
92.40144500
397.72949267
201.01854814
695.15763488
153.48627729
132.49353756
386.83033096
170.78861949
418.58207763
113.97793894
182.82783166
528.01691542
125.31903813
134.34549261
113.78801943
390.11810320
344.73829754
388.25865745
103.41476051
141.83841629
433.54447476
226.72787427
187.18136019
363.16859100
308.38850953
182.05005005
229.60094516
244.26827665
180.05512398
247.21330532
199.35679333
435.32497874
431.76640515
97.72106006
135.75265712
308.32233287
219.95285947
230.68145217
435.84475086
173.13086808
352.45940827
127.03860552
563.47568905
148.68660022
197.69964284
204.41352015
272.71550946
80.49481021
473.95925936
358.28753744
381.06358766
197.58552655
250.97288221
173.95043040
643.91838053
432.43289545
190.21528474
490.31931787
150.76716969
95.51861757
369.96862490
177.73698921
273.79610299
328.25113829
286.48619311
137.72076313
248.62862873
362.46995052
151.13225878
272.71550946
140.41045939
106.64986720
201.30552188
125.95682244
662.10442005
321.38309152
444.63766211
478.16594847
247.52075540
362.40011060
595.15700880
462.01946689
209.39594793
172.36710795
398.66633501
121.41805615
111.80024916
296.81455872
317.09851056
324.67640540
627.49465044
234.41611472
461.03538127
150.45446997
305.41523284
222.55965611
309.51424389
866.19426544
791.94430024
340.28350846
237.62446107
339.59987239
303.57004610
612.87631946
521.45926810
141.22584519
353.42854910
252.64298662
266.95543925
441.42668849
312.83314079
125.36806019
390.76244675
551.22278059
311.50416658
295.76971748
196.33169896
123.50972363
459.97637970
374.33701477
141.48097560
365.82751080
387.47286088
262.99177645
390.33284476
311.37137287
454.61824294
405.82480312
680.20006018
525.95977582
171.06042712
330.75442948
249.61478923
139.24110323
198.61336250
451.45850601
301.26880986
363.58799018
405.82480312
398.73843047
564.52779740
249.98493441
192.35999506
370.24994034
315.36338211
347.14501801
643.07270183
246.10754097
127.87663815
264.62517852
1304.87977676
200.50233920
258.92305150
866.66118005
470.22193284
163.34387477
730.50695306
362.26044548
307.92536961
337.89278795
394.34858260
367.15939332
218.65330516
182.32770227
329.87417207
195.59205274
119.72434948
178.61890752
892.94182864
172.31259704
284.03588379
216.64995935
456.87969060
292.77264931
266.70319116
398.23385529
198.04212314
355.57765801
164.95287627
148.58282489
194.28572926
320.84647114
336.05236034
196.50251876
214.71142218
392.55414929
240.84731212
163.98684440
145.99630806
173.51316991
332.04236422
313.83110893
471.82243592
335.50769185
207.65335095
169.64860137
391.98050771
382.76924093
462.24666338
607.22711342
223.98585446
343.77717323
278.83633190
254.00653967
274.36875837
502.88549407
701.41464265
375.82050101
704.02723952
279.73272921
206.95767295
299.95644087
122.73003779
216.47348854
342.88550210
501.40620276
193.15217005
718.80521135
561.05024451
324.33984021
207.88541658
222.32225163
389.11649488
434.43442281
553.63400044
285.32464591
204.93306149
120.69121075
236.41205683
162.00706199
646.54233798
115.21498739
200.67435941
331.02543489
184.27521168
548.41412886
269.35575848
254.62714482
538.58174571
244.57450104
200.04385807
165.06033010
244.02338874
118.80823552
148.68660022
1075.71963833
451.90944709
234.23494552
277.17414041
213.89076883
355.57765801
256.30529833
427.62705977
203.60621955
665.09480388
323.46531649
208.98890793
310.44234561
151.13225878
291.01824473
365.05715831
401.48126711
366.17784951
473.57744718
363.58799018
388.90197610
202.68489469
331.16096566
50.27073153
444.78719904
734.12693997
334.35125019
335.64383126
364.77716487
88.57560637
646.37294296
613.04273632
313.89767763
218.00449148
202.45478126
473.34840977
206.49431942
665.43684822
547.61253512
397.36936415
539.61813645
353.35929546
257.42610688
367.58032254
388.83047862
368.28222908
476.86437638
942.34165591
154.22110853
200.78906738
439.86136003
403.65108823
311.10584177
173.40391222
300.74363344
214.53547953
323.80157871
246.72165086
212.01892768
234.05382263
1208.38223708
136.65984048
212.01892768
142.14503342
277.36576238
187.40553727
341.78912057
626.32096229
890.86746085
232.84753220
711.62205460
366.73862446
584.06840428
313.49833527
156.37983191
302.91195491
158.91979521
352.66700641
241.27405241
196.61642632
231.46286918
200.44500973
484.46070246
349.76434043
277.11027584
325.08043691
545.05006504
377.80152386
474.57037080
280.82250037
340.14674440
410.83909249
284.87335810
279.66866937
153.85354679
219.42091355
200.15844559
493.25741685
1076.92426361
329.87417207
157.64810836
183.66239434
272.65198991
112.55611789
118.37510619
288.42559748
236.77556097
406.04238862
158.86674044
335.43962887
214.06653481
208.17562055
224.10484097
510.85173953
203.60621955
234.89946130
230.02094130
358.70504969
179.61280285
267.46017409
181.16251162
161.36669369
405.82480312
659.20378016
298.84242977
205.51084454
154.01103720
325.68679834
386.18815706
126.34984128
164.73803925
283.45657593
326.36097412
351.14556509
383.69419686
377.02285065
325.34988431
183.16150456
206.89973471
146.77067275
160.62066667
243.83977709
104.70481570
180.60853469
262.80352449
250.54049511
91.12017845
448.75601291
462.24666338
364.91715287
416.82473139
199.47124936
279.66866937
345.63157079
237.13925121
143.83536528
255.31039332
309.64677316
442.54591449
208.23367735
250.04664293
211.26006026
150.66291251
91.64963433
273.79610299
615.70745556
157.64810836
94.00025677
357.17496236
316.83136148
558.38628721
418.94850208
289.33214441
624.14319860
440.97926270
601.18196361
170.62560375
57.02955563
609.38504474
459.82515982
199.87201804
213.89076883
412.29634224
273.47813378
236.83616309
169.05246531
413.17151747
364.70717715
274.24146705
444.41338932
231.10210569
547.61253512
92.09162796
327.44062280
225.59395295
482.53866334
298.71146091
500.70599225
210.85181528
329.87417207
219.95285947
291.01824473
122.19495961
239.20367395
167.53818895
190.72251803
578.75429124
529.44265707
362.53979399
272.33446392
426.15194656
461.33810221
213.24670470
400.32562472
423.35391629
309.71304466
329.53582012
259.73510405
170.02832451
205.39524449
307.26414362
470.37428326
462.70116659
322.59157965
168.94415223
135.45071052
330.48349751
398.37799750
302.18860427
282.23488761
425.63605790
254.25472111
193.66199806
92.71160856
145.79004151
197.69964284
203.54859593
488.08102452
723.37282791
304.62398233
131.89474610
282.94196671
375.53778187
191.96431493
149.77769740
537.46637593
197.81378090
484.46070246
287.71397572
246.10754097
259.36020550
89.93264805
204.00973663
321.85287953
318.56917246
421.22271468
468.39500644
576.55165307
305.54717460
481.00286598
204.99081500
128.07408931
276.59953878
124.68233378
533.48920920
119.62780607
476.71132772
230.50125032
368.77382950
423.13328046
130.69987880
189.93368315
175.53857066
270.05192278
930.84105776
99.84927408
434.58280693
286.42162156
390.11810320
133.39341846
268.47059726
196.27477038
95.16062684
190.10262756
324.54176574
211.90212007
234.65774661
120.78803945
112.46154136
271.89013515
148.01249311
259.11037311
213.24670470
283.00627557
550.17900841
323.39807793
109.12130677
280.88664885
344.32627766
157.48938740
89.36272890
189.70850241
269.03951793
87.44275746
115.73969249
278.13269290
416.23949680
567.44473975
303.76756643
547.85297265
603.49826733
491.24650669
155.06234673
85.40729131
119.38656109
90.50377376
100.98751424
572.72411790
500.70599225
405.82480312
407.42133285
212.13575736
329.26522184
124.92709218
174.71651824
247.95139915
499.07343802
206.49431942
708.03950560
448.23115677
117.27061856
352.94386772
181.66157407
125.51516431
162.27413147
419.24171825
242.18934427
333.06033318
357.93973367
368.98458169
342.26864346
77.67779597
237.19988422
194.85333721
272.33446392
215.23953818
140.97086826
150.61079289
279.09234775
211.20172345
137.77135128
334.48723327
192.75594687
538.82085334
214.47684300
225.77286696
350.52378935
263.80805644
512.57541419
122.14635460
440.08486432
245.18733374
701.93690290
161.15342535
870.30599383
330.07723926
240.35991724
218.77134058
423.79530148
356.20240622
505.61430530
197.58552655
69.10848875
338.57527749
482.99972031
413.31744018
412.58799804
243.96218000
482.30818921
363.30837274
765.27087373
160.67391585
540.09669383
906.93838845
273.66890069
520.51343707
245.12602757
161.26004766
254.25472111
161.36669369
184.77711345
1315.70575740
191.34308072
295.24775711
196.84430676
470.75523234
284.29348087
247.64377115
508.97357613
305.81111526
842.03063045
230.56131218
184.27521168
588.74177896
179.61280285
206.72595273
660.73888400
227.20588185
607.80784377
343.98305359
828.93010352
269.41902130
124.14442889
305.28331034
203.83676789
216.47348854
255.49683992
493.79928365
278.45245517
321.78575262
581.45020251
128.51872494
296.35728919
175.86775195
