676.19951192
504.55654547
194.34617672
215.42262296
147.74858638
142.03665443
416.77960642
251.85028047
572.11204707
359.21556785
430.83343180
290.58039168
144.90897620
471.47330099
192.87259829
376.90610196
295.59090893
174.38836381
775.55675946
335.12036258
115.53611764
432.61031715
148.78571363
279.68387175
564.56592637
323.21620847
259.87298204
184.55607727
116.58762012
120.92209591
323.68692445
959.73732792
479.04140159
368.93840455
385.28668377
186.56776262
217.06910046
401.65263791
189.88036097
146.24905022
197.30451875
395.59669676
369.21947773
504.94652231
210.27525419
609.17663503
351.16804928
154.63806496
525.67925654
306.75364927
140.70960013
78.19651845
420.59037859
214.71826966
145.52696148
131.03931532
179.72460264
152.27764084
225.36384578
292.46411817
466.75417690
293.63536584
107.19271721
339.55293470
53.15229623
316.24966962
225.42346574
250.86107262
372.10458220
133.38528724
437.28622053
104.13529074
425.95958355
198.96081884
230.33015357
326.11135210
151.96383250
357.96283593
192.64622590
146.86893003
139.33590319
262.87950610
165.38147050
184.22150336
238.84913531
126.24167707
260.31071572
331.11379010
154.27009419
431.72157027
433.79626031
420.73717772
472.69370570
415.09776259
228.65074331
153.69244472
257.37636278
125.75047141
230.21006007
723.94715530
402.15868278
303.12709758
336.82290087
307.08404779
336.27777589
489.42605553
268.86378251
283.72965638
249.44136056
263.25613146
731.52462351
361.86500970
265.96052868
393.87206668
65.57039065
96.71177753
92.07168529
224.52971536
143.98364243
335.86912499
159.66071706
303.12709758
226.13931712
189.76775161
110.56150844
402.44794594
143.67563684
1023.71618553
307.81134168
276.10390795
278.21167022
203.03531524
104.04310202
80.76686210
220.55210550
305.56519639
223.93453940
77.61051505
127.02893095
173.95065778
557.61757360
393.29774798
173.84128859
271.65061864
325.63946350
391.36148637
176.30763014
645.56889217
419.48993183
311.32360093
396.17213133
226.01995607
512.06161020
149.20124048
217.95285811
518.50136706
287.73008045
334.16819797
558.42404731
308.87024663
174.88122108
180.33311867
316.85054235
214.95296861
330.77498903
300.23622222
134.94019929
159.12950223
169.59380870
224.47017419
214.60095177
91.85052214
92.78059484
195.31168841
63.91730603
258.37404692
254.45311477
404.47473042
391.50480449
150.45013411
113.82233323
75.73689452
284.05157870
1205.84010507
607.93146283
195.88038065
165.38147050
149.92934019
217.59921141
571.94941383
537.02503952
383.29251685
215.71633031
246.91723655
456.98620691
242.56647589
638.97658238
344.69150064
127.52179135
179.39297404
281.60802105
193.26896354
137.46073309
418.90341946
127.17672212
294.15642135
159.02333016
146.66220619
407.08557723
258.62366865
277.18905776
126.48751884
186.23197742
593.87902132
428.91122551
395.23719184
293.89585546
507.28848818
225.00623493
325.36991515
110.04458875
891.11003006
143.06028457
173.89597039
429.65019694
165.32769591
262.56578919
334.23617964
345.44731748
157.06340865
142.80414769
494.37502507
404.40228737
245.38234036
153.90241545
414.22117964
150.55436493
438.25317259
139.99675233
152.38229174
242.07786699
209.46018500
632.32278314
311.05806190
417.43833566
681.19244370
246.73288073
226.13931712
117.59428120
304.24649720
652.43857992
135.99693127
111.50342554
217.71707267
135.34244009
266.84301545
182.44052775
125.65230682
219.25119861
465.53890956
323.35067517
343.38729898
100.83367643
130.59167038
430.01984089
93.44683885
233.27895731
183.10771808
268.54770287
308.40682710
115.39297694
146.55888088
806.26565241
547.72978474
513.62980909
300.62988863
218.83781156
89.47327483
121.30992583
449.61173429
664.88202622
190.33101996
465.84262756
158.65191348
320.32968053
118.50754914
112.68455640
644.63784185
217.42245992
161.84485111
354.35203419
225.36384578
233.82193142
113.11077661
249.31803378
218.01181803
81.57309255
225.48309123
194.68676355
404.61963073
475.21410825
589.02765739
216.42177182
136.55155222
278.46751914
449.23655907
402.66493921
314.04972597
265.64559077
199.24685351
146.19743294
222.80515653
314.98241041
231.17139326
272.92052380
194.57321286
126.14338466
236.24023195
131.63696853
214.89428568
628.20742333
123.93856539
525.20497752
311.32360093
270.57275160
151.96383250
142.44581279
578.95654166
224.58926210
139.08200762
206.55784785
108.31178984
251.54101395
257.37636278
276.67822246
144.08635978
479.80808707
363.75144616
218.07078275
194.51644527
569.10582778
210.91640483
189.14879897
191.00767553
267.60020804
81.02117325
285.27599318
222.56763393
254.26690236
152.48696634
238.54528392
425.95958355
365.08089706
453.89610480
519.83979260
186.39984464
162.64639104
224.23206170
201.82731806
311.78847602
327.46085906
450.73788729
294.09127227
153.95492309
300.62988863
172.09450014
574.30910400
483.95524333
129.79711713
100.24133412
125.35796639
146.30067328
443.17327978
98.83352186
151.49352399
279.74793891
192.30683305
135.94654853
451.63948468
339.21127922
43.99951324
336.41402951
970.57946265
206.38413714
171.93104041
107.79840113
114.91626772
52.38006510
305.89516802
96.17251597
134.33758605
175.64880792
133.28517642
189.48632606
325.43729526
131.93613455
132.78499851
596.84568458
164.62915233
280.38888246
172.69429600
672.76324966
488.65427913
103.85880592
241.83368549
188.24970771
217.36355335
233.94264929
152.69638772
85.81681310
475.90226562
530.58849157
605.27793592
293.37495378
170.02783543
397.75601257
244.52419225
452.91777573
258.74850980
416.77960642
370.97779751
270.12933938
196.27879314
252.40727983
313.65028664
264.57573295
346.06612300
252.03590168
157.90994890
362.14427549
335.80103284
571.13647879
477.04993251
64.46677451
102.48005792
126.14338466
136.29935840
668.04792735
209.22750159
303.39036201
519.60351568
283.66528629
107.84503950
444.44354226
902.06691022
342.42736333
136.09771554
376.26942887
173.18555464
507.21036494
212.60982553
259.62295907
334.50815327
238.78835454
142.75293840
505.72677624
614.99865166
217.54028895
237.81656743
381.79915646
286.17931563
153.06310517
327.12330840
177.90317187
377.18918234
293.63536584
601.80105825
162.00505354
157.53940085
108.82598969
263.00502797
232.25448750
598.16578171
186.39984464
312.71891952
164.73655651
967.38068824
239.51806073
220.37455807
334.78020006
149.14927850
337.91403295
330.43630315
781.05318474
169.43114422
266.08653841
800.98348148
323.88872958
126.24167707
135.44306268
293.37495378
148.05947074
235.99802905
222.80515653
484.10906990
105.66032267
109.24730127
270.50939199
339.00634044
409.33828820
497.47654651
278.59547292
244.34043339
363.12227097
154.37519904
224.76793318
172.31252738
1047.99863632
140.50580636
535.67201497
257.25174293
441.15829612
533.84326418
275.46624787
777.98800787
324.49439681
260.68611128
242.01681404
174.44310310
461.59658851
189.26128575
643.28438661
313.18448762
152.53931276
192.13721119
185.44926276
79.28869263
399.63058550
400.13577985
409.62926193
211.90855245
154.27009419
107.89168426
515.51375471
79.71009955
134.23723801
101.42717896
310.46087466
480.65191334
200.56437547
371.82277897
432.61031715
214.48365590
496.31271891
807.72483909
334.30416600
591.57502567
410.72102766
254.20484169
610.67196127
283.47220606
323.28343937
256.75346404
188.53052043
211.67496666
323.01454267
283.27916947
216.42177182
167.69929292
143.67563684
260.81128310
213.07776940
225.72164505
272.28532434
452.31607684
124.18290549
276.23149931
106.91355405
151.54575660
222.38954743
205.74761378
209.92580949
235.27191715
168.23985990
187.40810664
90.70333232
169.05179537
153.90241545
394.44666390
110.42045033
168.13169999
418.46371483
283.92279552
117.54627973
523.62507613
300.69551628
443.24796772
716.22073807
399.77490462
508.85180462
255.50917545
409.41102481
171.33212997
353.65904955
162.86035774
119.80939082
432.16586719
409.92030476
221.08503296
181.82964953
125.75047141
388.07001453
192.36338465
191.74162156
129.49957617
144.34325982
248.76331694
260.31071572
421.54487668
371.40020836
176.25269696
127.42316847
259.18561165
214.54230114
534.24064156
282.82892085
129.64831827
199.18963549
408.24774934
158.12182072
530.35059781
657.88359459
65.29390308
146.86893003
143.62432369
150.18966188
197.30451875
267.60020804
125.01485979
102.15923353
79.83666652
266.77994854
479.50136383
386.35640521
322.54415288
459.85643661
445.71501544
347.99365457
286.50216124
140.70960013
177.51760284
233.09805913
318.45472478
435.35445221
408.75654687
258.81093807
196.73445102
249.50303094
226.97543189
110.56150844
454.49850248
81.74316426
245.93453539
91.09989352
395.66861075
199.36130591
692.68787229
151.96383250
131.03931532
384.78781895
169.21433893
416.48694882
112.58991338
181.21945471
525.75831713
123.88971653
132.88498385
112.40070733
388.07001453
342.77009442
386.21371894
102.06763096
140.35302550
431.42545618
225.00623493
185.56101171
361.16715940
306.48941566
180.44383123
227.87240961
242.50538207
178.45446795
245.44367474
197.70389309
433.20315351
429.65019694
96.39708631
134.28740879
306.42336955
218.24770999
228.95033760
433.72210772
171.54983510
350.47714645
125.60323420
561.16896208
147.17919707
196.05109597
202.74747900
270.88962277
79.24659292
471.77830419
356.29479656
379.03093256
195.93728034
249.19472799
172.36704866
641.50941671
430.31563291
188.58669957
488.11427684
149.25320846
94.20383080
367.95521232
176.14284750
271.96790974
326.31365955
284.63134598
136.24893849
246.85577952
360.46975814
149.61715278
270.88962277
138.92974418
105.28994068
199.64753218
124.52525084
659.67352423
319.45870934
442.50127841
475.97874858
245.75042462
360.40004218
592.80893789
459.85643661
207.71716348
170.78827028
396.60388957
120.00265873
110.42045033
294.93858112
315.18239143
322.74572067
625.10584654
232.67614601
458.87384187
148.94149065
303.52202259
220.84812337
307.61293205
863.54073760
789.36730575
338.32351054
235.87695894
337.64113986
301.68050599
610.50575364
519.20980155
139.74245642
351.44453694
250.86107262
265.14194912
439.29530169
310.92532040
123.93856539
388.71326875
548.93245345
309.59894695
293.89585546
194.68676355
122.08682518
457.81644700
372.31598139
139.99675233
363.82137711
385.42925659
261.18691829
388.28439291
309.46641351
452.46647702
403.75048941
677.74773169
523.70403410
169.48535992
328.81222180
247.83970440
137.76423966
196.96241235
449.31158574
299.38386745
361.58581541
403.75048941
396.67586481
562.21967322
248.20901195
190.72563847
368.23603523
313.45063001
345.17241080
640.66476775
244.34043339
126.43833750
262.81675298
1301.84505703
198.84644328
257.12714269
864.00718490
468.04655622
161.79146205
727.99694846
360.26062502
306.02718977
335.93722245
392.29336335
365.15091271
216.95135625
180.72071236
327.93362460
193.94907685
118.31508676
177.02228104
890.26179415
170.73391629
282.18612235
214.95296861
454.72447016
290.90488290
264.89024788
396.17213133
196.39267464
353.58977556
163.39568370
147.07575039
192.64622590
318.92311990
334.10022100
194.85713149
213.01925760
390.50194844
239.09230878
162.43251799
144.49747302
171.93104041
330.09773263
311.92134030
469.64466675
333.55656882
205.97900087
168.07762901
389.92927369
380.73366030
460.08328919
604.86367234
222.27084992
341.81073449
276.99745783
252.22156797
272.53934518
500.66230869
698.93766037
373.79689288
701.54725524
277.89196879
205.28509989
298.07413075
121.30992583
214.77693597
340.92070314
499.18513776
191.51569225
716.30838318
558.74674511
322.40979766
206.21047457
220.61129820
387.07010184
432.31400044
551.34042721
283.47220606
203.26568220
119.27843926
234.66739369
160.45864369
644.13018475
113.82233323
199.01801459
329.08271666
182.66283439
546.12759464
267.53708152
252.84078498
536.30859102
242.81090360
198.38915977
163.50281939
242.26105666
117.40231418
147.17919707
1072.87118384
449.76183392
232.49540420
275.33877471
212.20065587
353.58977556
254.51519589
425.51742363
201.94226209
662.66033984
321.53694459
207.31115712
308.53920914
149.61715278
289.15406544
363.05238462
399.41413817
364.17109794
471.39706059
361.58581541
386.85594660
201.02332178
329.21799221
49.18518575
442.65058320
731.61288738
332.40228858
333.69245411
362.77288595
87.29069192
643.96099537
610.67196127
311.98777919
216.30414511
200.79380501
471.16836441
204.82293209
663.00197672
545.32708574
395.30908391
537.34356396
351.37540827
255.63351370
365.57110137
386.78457031
366.27177423
474.67910477
939.61401260
152.69638772
199.13242337
437.73241784
401.58036379
309.20140306
171.82209593
298.85974350
212.84375438
321.87256408
244.95314117
210.33351347
232.31470881
1205.42308118
135.19155329
210.33351347
140.65864262
275.52999153
185.78457723
339.82634168
623.93361232
888.18946315
231.11127104
709.13338498
364.73088469
581.73463551
311.58921584
154.84846495
301.02372728
157.38068363
350.68436939
239.51806073
194.97073788
229.72989436
198.78926346
482.26422518
347.78696273
275.27504521
323.14898184
542.76809063
375.77448781
472.38850620
278.97945196
338.18699950
408.75654687
283.02185525
277.82804362
152.32996357
217.71707267
198.50344780
491.04810638
1074.07476439
327.93362460
156.11286424
182.05170829
270.82623898
111.17345210
116.97077036
286.56674513
235.03004565
403.96771632
157.32778981
333.48863292
212.37598201
206.49993894
222.38954743
508.61720542
201.94226209
233.15835339
228.29140234
356.71156241
178.01338561
265.64559077
179.55876279
159.82019635
403.75048941
656.77635564
296.96235998
203.84197967
152.48696634
323.75418835
384.14673792
124.91688681
163.18148316
281.60802105
324.42708170
349.16568122
381.65703331
374.99716059
323.41791586
181.55220357
205.22730982
145.26936116
159.07641346
242.07786699
103.35255299
179.00633151
260.99907840
248.76331694
89.82414925
446.61325477
460.08328919
362.91262655
414.73244499
197.81804931
277.82804362
343.66173072
235.39288412
142.34348631
253.52250777
307.74520055
440.41278326
206.55784785
248.27058091
209.57655864
149.14927850
90.35131724
271.96790974
613.33333539
156.11286424
92.69188207
355.18421325
314.91575997
556.08634336
416.85278159
287.47142591
621.75855113
438.84857408
598.82619509
169.05179537
55.90321935
607.01887696
457.66545676
198.21776907
212.20065587
410.21141664
271.65061864
235.09050578
167.48322857
411.08516517
362.70302195
272.41232489
442.27735386
229.36998921
545.32708574
90.79140733
325.50468024
223.87505098
480.34501038
296.83165486
498.48593235
209.16934441
327.93362460
218.24770999
289.15406544
120.77676651
237.45248798
165.97337882
189.09256410
576.42743999
527.18208326
360.53947766
270.50939199
424.04466255
459.17610396
211.55820547
398.26041593
421.25110855
307.81134168
327.59591156
257.93740181
168.45624865
203.72667663
305.36727031
468.19867867
460.53710475
320.66487986
167.37523127
133.98647653
328.54180052
396.31603302
300.30182144
280.38888246
423.52959775
252.46919403
192.02415807
91.40872759
144.29186757
196.05109597
201.88478740
485.87924731
720.87083980
302.73234413
130.44256852
281.09448497
373.51466392
190.33101996
148.26684773
535.19474911
196.16493343
482.26422518
285.85659095
244.34043339
257.56333077
88.64178121
202.34473700
319.92759572
316.65020890
419.12332946
466.22236740
574.22768131
303.65370247
478.81147509
203.32328709
126.63510026
274.76538907
123.25526570
531.22304744
118.21889472
474.52628307
228.77056532
366.76251154
421.03082652
129.25179916
188.30585890
173.95065778
268.23174712
928.12434815
98.51654711
432.46215068
284.56690808
388.07001453
131.93613455
266.65382952
194.62998562
93.84734601
188.47434671
322.61133786
210.21699996
232.91720821
119.37491755
111.07923362
270.06601425
146.50722744
257.31405027
211.55820547
281.15865966
547.89008933
321.46983460
107.75176978
279.04346593
342.35883051
155.95462739
88.07435493
188.08128713
267.22152261
86.16285638
114.34508465
276.29530232
414.14815872
565.13275076
301.87763276
545.56719776
601.13955296
489.04011652
153.53502889
84.13650231
117.97852849
89.21041880
99.65015437
570.40516710
498.48593235
403.75048941
405.34439094
210.45004909
327.32582458
123.49915694
173.13094744
246.18008855
496.85572511
204.82293209
705.55492529
446.08920887
115.87034266
350.96073053
180.05643541
124.08515003
160.72491347
417.14552453
240.43123659
331.11379010
355.94761501
366.97289393
340.30498053
76.44291625
235.45337521
193.21232316
270.50939199
213.54605602
139.48831446
149.09732253
277.25293452
209.51836905
136.29935840
332.53801725
191.12052933
536.54737140
212.78526435
224.05353248
348.54503287
262.00141371
510.33843986
120.72833608
437.95557273
243.42233141
699.45931994
159.60756886
867.64835649
328.13630854
238.60604411
217.06910046
421.69178634
354.21340154
503.38721925
195.93728034
67.91615508
336.61844457
480.80538918
411.23085019
410.50259676
242.19998856
480.11487541
361.30669338
762.72252665
159.12950223
537.82146725
904.24469193
271.84097865
518.26529384
243.36116568
159.71387071
252.46919403
159.82019635
183.16335373
1312.66279370
189.71145542
293.37495378
195.19801613
468.57905791
282.44318344
245.87316036
506.74170713
303.91711947
839.40151708
228.83048398
182.66283439
586.40196085
178.01338561
205.05397243
658.30962111
225.48309123
605.44366826
342.01623664
826.31442035
267.60020804
122.71927039
303.39036201
202.17221483
214.77693597
253.70853850
491.58918760
276.61439013
319.86059759
579.11983672
127.07818820
294.48223686
174.27890319
