0.0 1.000000e-03 -1.75784179e-01 -4.14544602e-01 
0.0 8.760000e-01 -5.73811891e-02 -1.80926383e-01 
0.0 1.751000e+00 -5.63539536e-02 -2.58631667e-01 
0.0 4.385000e-01 -1.02403563e-01 -2.70281870e-01 
0.0 2.197500e-01 -1.41354909e-01 -3.47413613e-01 
0.0 8.760000e-01 -5.73811891e-02 -1.80926383e-01 
0.0 1.313500e+00 -3.59006175e-02 -1.36580454e-01 
0.0 6.572500e-01 -7.54498078e-02 -2.16851800e-01 
0.0 1.313500e+00 -3.59006175e-02 -1.36580454e-01 
0.0 1.751000e+00 -5.63539536e-02 -2.58631667e-01 
0.0 1.094750e+00 -4.48843810e-02 -1.55573771e-01 
0.0 1.751000e+00 -5.63539536e-02 -2.58631667e-01 
0.0 2.188500e+00 -4.21578668e-02 -2.26279166e-01 
0.0 1.532250e+00 -3.62652330e-02 -1.50700355e-01 
0.0 1.422875e+00 -3.75645736e-02 -1.48892413e-01 
0.0 1.751000e+00 -5.63539536e-02 -2.58631667e-01 
0.0 1.969750e+00 -4.86337022e-02 -2.41971127e-01 
0.0 1.641625e+00 -3.61684460e-02 -1.54099288e-01 
0.0 1.586937e+00 -3.40573120e-02 -1.44826523e-01 
0.0 1.696312e+00 -3.49001660e-02 -1.51175890e-01 
0.0 1.751000e+00 -5.63539536e-02 -2.58631667e-01 
0.0 1.668969e+00 -3.57409206e-02 -1.53142871e-01 
0.0 1.751000e+00 -5.63539536e-02 -2.58631667e-01 
0.0 1.805687e+00 -5.42923659e-02 -2.54373730e-01 
0.0 1.723656e+00 -5.66286245e-02 -2.56664728e-01 
0.0 1.709984e+00 -5.68245716e-02 -2.56368259e-01 
0.0 1.703148e+00 -3.76317796e-02 -1.63279879e-01 
0.0 1.699730e+00 -3.47968387e-02 -1.50932564e-01 
0.0 1.709984e+00 -5.68245716e-02 -2.56368259e-01 
0.0 1.716820e+00 -5.65438619e-02 -2.55779334e-01 
0.0 1.706566e+00 -3.75232325e-02 -1.63029878e-01 
0.1 1.000000e-03 -1.40617437e-01 -2.97918032e-01 
0.1 4.385000e-01 -7.94821724e-02 -1.93766012e-01 
0.1 8.760000e-01 -4.22152167e-02 -1.26287386e-01 
0.1 2.197500e-01 -1.11866311e-01 -2.49793822e-01 
0.1 8.760000e-01 -4.22152167e-02 -1.26287386e-01 
0.1 1.313500e+00 -2.47133125e-02 -9.06258743e-02 
0.1 6.572500e-01 -5.71344708e-02 -1.53957530e-01 
0.1 1.094750e+00 -3.19792424e-02 -1.06118266e-01 
0.1 1.313500e+00 -2.47133125e-02 -9.06258743e-02 
0.1 1.751000e+00 -3.59129885e-02 -1.59159698e-01 
0.1 2.188500e+00 -2.48513977e-02 -1.29558026e-01 
0.1 1.532250e+00 -2.40990067e-02 -9.69098420e-02 
0.1 1.422875e+00 -2.54431948e-02 -9.74954402e-02 
0.1 1.751000e+00 -3.59129885e-02 -1.59159698e-01 
0.1 1.969750e+00 -2.98170757e-02 -1.43708927e-01 
0.1 1.641625e+00 -2.37684264e-02 -9.83715625e-02 
0.1 1.586937e+00 -2.24120892e-02 -9.23182514e-02 
0.1 1.696312e+00 -2.27685192e-02 -9.59287788e-02 
0.1 1.751000e+00 -3.59129885e-02 -1.59159698e-01 
0.1 1.668969e+00 -2.34271962e-02 -9.75939214e-02 
0.1 1.751000e+00 -3.59129885e-02 -1.59159698e-01 
0.1 1.805687e+00 -3.42683406e-02 -1.55173251e-01 
0.1 1.723656e+00 -3.62863802e-02 -1.58812762e-01 
0.1 1.709984e+00 -3.64884978e-02 -1.58905167e-01 
0.1 1.703148e+00 -2.45316285e-02 -1.03552858e-01 
0.1 1.699730e+00 -2.26877114e-02 -9.57229249e-02 
0.1 1.709984e+00 -3.64884978e-02 -1.58905167e-01 
0.1 1.716820e+00 -3.62646371e-02 -1.58367206e-01 
0.1 1.706566e+00 -2.44463981e-02 -1.03338364e-01 
0.1 1.704857e+00 -2.44889701e-02 -1.03445549e-01 
0.1 1.709984e+00 -3.64884978e-02 -1.58905167e-01 
0.1 1.713402e+00 -3.63723271e-02 -1.58621274e-01 
0.125893 1.000000e-03 -1.33199595e-01 -2.75423233e-01 
0.125893 3.883515e-01 -8.08960120e-02 -1.89432604e-01 
0.125893 7.757031e-01 -4.49169001e-02 -1.26444939e-01 
0.125893 1.163055e+00 -2.69604178e-02 -9.15196916e-02 
0.125893 1.550406e+00 -2.09485623e-02 -8.43856906e-02 
0.125893 9.693788e-01 -3.45001846e-02 -1.06773989e-01 
0.125893 1.550406e+00 -2.09485623e-02 -8.43856906e-02 
0.125893 1.937758e+00 -2.70891860e-02 -1.28167781e-01 
0.125893 1.356730e+00 -2.15003143e-02 -7.97472513e-02 
0.125893 1.744082e+00 -3.22337143e-02 -1.41434791e-01 
0.125893 1.937758e+00 -2.70891860e-02 -1.28167781e-01 
0.125893 1.647244e+00 -2.08725024e-02 -8.58462870e-02 
0.125893 1.598825e+00 -1.99175750e-02 -8.18953036e-02 
0.125893 1.744082e+00 -3.22337143e-02 -1.41434791e-01 
0.125893 1.840920e+00 -2.95388930e-02 -1.34665904e-01 
0.125893 1.695663e+00 -2.04363205e-02 -8.55698509e-02 
0.125893 1.671453e+00 -2.09816038e-02 -8.69704993e-02 
0.125893 1.744082e+00 -3.22337143e-02 -1.41434791e-01 
0.125893 1.792501e+00 -3.08542319e-02 -1.38017078e-01 
0.125893 1.719872e+00 -3.23831524e-02 -1.40423816e-01 
0.125893 1.707768e+00 -3.26767598e-02 -1.41143276e-01 
0.125893 1.701715e+00 -2.03025460e-02 -8.52235773e-02 
0.125893 1.698689e+00 -2.03693084e-02 -8.53965152e-02 
0.125893 1.707768e+00 -3.26767598e-02 -1.41143276e-01 
0.125893 1.713820e+00 -3.24893256e-02 -1.40681457e-01 
0.125893 1.704742e+00 -2.19614976e-02 -9.22190071e-02 
0.125893 1.703228e+00 -2.19968641e-02 -9.23095259e-02 
0.125893 1.707768e+00 -3.26767598e-02 -1.41143276e-01 
0.125893 1.710794e+00 -3.25865910e-02 -1.40925550e-01 
0.125893 1.706255e+00 -2.19261962e-02 -9.21285849e-02 
0.158489 1.000000e-03 -1.24639641e-01 -2.50325692e-01 
0.158489 3.395057e-01 -8.12698005e-02 -1.82026762e-01 
0.158489 6.780114e-01 -4.74074716e-02 -1.25127915e-01 
0.158489 1.355023e+00 -1.89861776e-02 -6.97407362e-02 
0.158489 2.032034e+00 -2.12510368e-02 -1.03395151e-01 
0.158489 1.016517e+00 -2.92796184e-02 -9.16050865e-02 
0.158489 8.472643e-01 -3.69914574e-02 -1.06360856e-01 
0.158489 1.355023e+00 -1.89861776e-02 -6.97407362e-02 
0.158489 1.693529e+00 -1.78811055e-02 -7.42904428e-02 
0.158489 1.185770e+00 -2.34572822e-02 -7.96520984e-02 
0.158489 1.693529e+00 -1.78811055e-02 -7.42904428e-02 
0.158489 2.032034e+00 -2.12510368e-02 -1.03395151e-01 
0.158489 1.524276e+00 -1.92541154e-02 -7.59904151e-02 
0.158489 2.032034e+00 -2.12510368e-02 -1.03395151e-01 
0.158489 2.370540e+00 -1.55133695e-02 -8.50301282e-02 
0.158489 1.862781e+00 -2.49486935e-02 -1.13820647e-01 
0.158489 1.778155e+00 -2.70539448e-02 -1.19359637e-01 
0.158489 1.735842e+00 -2.81775548e-02 -1.22210122e-01 
0.158489 1.714685e+00 -2.82054492e-02 -1.21160611e-01 
0.158489 1.704107e+00 -1.91748669e-02 -7.99476556e-02 
0.158489 1.698818e+00 -1.77733967e-02 -7.40069986e-02 
0.158489 1.714685e+00 -2.82054492e-02 -1.21160611e-01 
0.158489 1.725263e+00 -2.81046660e-02 -1.21191105e-01 
0.158489 1.709396e+00 -2.83570706e-02 -1.21545352e-01 
0.158489 1.706751e+00 -2.84299122e-02 -1.21726308e-01 
0.158489 1.705429e+00 -1.91464863e-02 -7.98735589e-02 
0.158489 1.704768e+00 -1.91606707e-02 -7.99105982e-02 
0.158489 1.706751e+00 -2.84299122e-02 -1.21726308e-01 
0.158489 1.708074e+00 -2.83934658e-02 -1.21635801e-01 
0.158489 1.706090e+00 -1.91323138e-02 -7.98365377e-02 
0.158489 1.705760e+00 -1.91393986e-02 -7.98550461e-02 
0.199526 1.000000e-03 -1.14942538e-01 -2.22986706e-01 
0.199526 2.931282e-01 -8.02098247e-02 -1.71031101e-01 
0.199526 5.852565e-01 -4.93542224e-02 -1.21706620e-01 
0.199526 1.169513e+00 -2.08755169e-02 -6.94958156e-02 
0.199526 1.753769e+00 -2.31694674e-02 -1.00295218e-01 
0.199526 8.773847e-01 -3.14764073e-02 -9.04444156e-02 
0.199526 1.461641e+00 -1.66488874e-02 -6.32834151e-02 
0.199526 1.753769e+00 -2.31694674e-02 -1.00295218e-01 
0.199526 1.315577e+00 -1.72003464e-02 -6.13948256e-02 
0.199526 1.607705e+00 -1.45997075e-02 -5.92491916e-02 
0.199526 1.753769e+00 -2.31694674e-02 -1.00295218e-01 
0.199526 1.534673e+00 -1.61865887e-02 -6.35745408e-02 
0.199526 1.753769e+00 -2.31694674e-02 -1.00295218e-01 
0.199526 1.899833e+00 -1.99337252e-02 -9.14790438e-02 
0.199526 1.680737e+00 -1.53248897e-02 -6.28285339e-02 
0.199526 1.644221e+00 -1.55634545e-02 -6.31450564e-02 
0.199526 1.753769e+00 -2.31694674e-02 -1.00295218e-01 
0.199526 1.826801e+00 -2.14867569e-02 -9.58013036e-02 
0.199526 1.717253e+00 -2.36032790e-02 -1.00553807e-01 
0.199526 1.698995e+00 -1.49886806e-02 -6.19292669e-02 
0.199526 1.689866e+00 -1.51557647e-02 -6.23772887e-02 
0.199526 1.717253e+00 -2.36032790e-02 -1.00553807e-01 
0.199526 1.735511e+00 -2.36113338e-02 -1.01444217e-01 
0.199526 1.708124e+00 -2.38344613e-02 -1.01153463e-01 
0.199526 1.703560e+00 -1.61808818e-02 -6.69250653e-02 
0.199526 1.701278e+00 -1.49472309e-02 -6.18177906e-02 
0.199526 1.708124e+00 -2.38344613e-02 -1.01153463e-01 
0.199526 1.712689e+00 -2.37214131e-02 -1.00863376e-01 
0.199526 1.705842e+00 -1.61369229e-02 -6.68078110e-02 
0.199526 1.704701e+00 -1.61588858e-02 -6.68664119e-02 
0.199526 1.708124e+00 -2.38344613e-02 -1.01153463e-01 
0.251189 1.000000e-03 -1.04193900e-01 -1.94019520e-01 
0.251189 2.501536e-01 -7.74035094e-02 -1.56301935e-01 
0.251189 4.993072e-01 -5.03648633e-02 -1.15598454e-01 
0.251189 9.976144e-01 -2.26344247e-02 -6.80682567e-02 
0.251189 1.495922e+00 -1.30673809e-02 -4.99080413e-02 
0.251189 7.484608e-01 -3.32852416e-02 -8.75740456e-02 
0.251189 1.246768e+00 -1.57674336e-02 -5.37865982e-02 
0.251189 1.495922e+00 -1.30673809e-02 -4.99080413e-02 
0.251189 1.122191e+00 -1.88409766e-02 -6.04123570e-02 
0.251189 1.495922e+00 -1.30673809e-02 -4.99080413e-02 
0.251189 1.745075e+00 -1.87301397e-02 -7.99741161e-02 
0.251189 1.371345e+00 -1.33411842e-02 -4.83002187e-02 
0.251189 1.620498e+00 -1.16600257e-02 -4.71082660e-02 
0.251189 1.745075e+00 -1.87301397e-02 -7.99741161e-02 
0.251189 1.558210e+00 -1.26131707e-02 -4.95795135e-02 
0.251189 1.745075e+00 -1.87301397e-02 -7.99741161e-02 
0.251189 1.869652e+00 -1.62843037e-02 -7.31593129e-02 
0.251189 1.682787e+00 -1.23784079e-02 -5.03447649e-02 
0.251189 1.651643e+00 -1.24717988e-02 -5.01429433e-02 
0.251189 1.745075e+00 -1.87301397e-02 -7.99741161e-02 
0.251189 1.807364e+00 -1.74624411e-02 -7.65024474e-02 
0.251189 1.713931e+00 -1.90332344e-02 -8.01447662e-02 
0.251189 1.698359e+00 -1.21292715e-02 -4.96637236e-02 
0.251189 1.690573e+00 -1.22531455e-02 -5.00030536e-02 
0.251189 1.713931e+00 -1.90332344e-02 -8.01447662e-02 
0.251189 1.729503e+00 -1.88298982e-02 -7.97724635e-02 
0.251189 1.706145e+00 -1.30368261e-02 -5.35117121e-02 
0.251189 1.702252e+00 -1.20678457e-02 -4.94949325e-02 
0.251189 1.713931e+00 -1.90332344e-02 -8.01447662e-02 
0.251189 1.721717e+00 -1.89132345e-02 -7.98550170e-02 
0.251189 1.710038e+00 -1.91220567e-02 -8.03845451e-02 
0.316228 1.000000e-03 -9.25776276e-02 -1.64284398e-01 
0.316228 2.112213e-01 -7.27091566e-02 -1.38217436e-01 
0.316228 4.214426e-01 -5.00582843e-02 -1.06462645e-01 
0.316228 8.418853e-01 -2.40277359e-02 -6.50990763e-02 
0.316228 1.262328e+00 -1.23556539e-02 -4.18712511e-02 
0.316228 6.316640e-01 -3.43772542e-02 -8.25586766e-02 
0.316228 1.052107e+00 -1.71002214e-02 -5.19953223e-02 
0.316228 1.262328e+00 -1.23556539e-02 -4.18712511e-02 
0.316228 1.472549e+00 -1.05452123e-02 -3.93921346e-02 
0.316228 1.682771e+00 -9.51395299e-03 -3.83190411e-02 
0.316228 2.103213e+00 -9.13594358e-03 -4.45167364e-02 
0.316228 2.523656e+00 -5.48756218e-03 -3.10087538e-02 
0.316228 1.892992e+00 -1.18303163e-02 -5.31168492e-02 
0.316228 1.787881e+00 -1.34747422e-02 -5.79457159e-02 
0.316228 1.735326e+00 -1.43838448e-02 -6.04990302e-02 
0.316228 1.709048e+00 -1.45878403e-02 -6.06199795e-02 
0.316228 1.695909e+00 -9.33801734e-03 -3.78274500e-02 
0.316228 1.689340e+00 -9.42554303e-03 -3.80724497e-02 
0.316228 1.709048e+00 -1.45878403e-02 -6.06199795e-02 
0.316228 1.722187e+00 -1.44487903e-02 -6.03563309e-02 
0.316228 1.702479e+00 -9.25136192e-03 -3.75840109e-02 
0.316228 1.699194e+00 -9.29458257e-03 -3.77055392e-02 
0.316228 1.709048e+00 -1.45878403e-02 -6.06199795e-02 
0.316228 1.715618e+00 -1.44650596e-02 -6.02804345e-02 
0.316228 1.705764e+00 -1.00004678e-02 -4.06506226e-02 
0.316228 1.704121e+00 -1.00234485e-02 -4.07149078e-02 
0.316228 1.709048e+00 -1.45878403e-02 -6.06199795e-02 
0.316228 1.712333e+00 -1.45282003e-02 -6.04566033e-02 
0.316228 1.707406e+00 -1.46177594e-02 -6.07018218e-02 
0.316228 1.706585e+00 -9.98899857e-03 -4.06185171e-02 
0.316228 1.706174e+00 -9.99473141e-03 -4.06345668e-02 
0.398107 1.000000e-03 -8.03837577e-02 -1.34839548e-01 
0.398107 1.766651e-01 -6.62220332e-02 -1.17707623e-01 
0.398107 3.523301e-01 -4.81662087e-02 -9.44060342e-02 
0.398107 7.036603e-01 -2.47916402e-02 -6.03384824e-02 
0.398107 1.054990e+00 -1.32981402e-02 -3.97269097e-02 
0.398107 5.279952e-01 -3.44326390e-02 -7.51857001e-02 
0.398107 1.054990e+00 -1.32981402e-02 -3.97269097e-02 
0.398107 1.406321e+00 -8.66027352e-03 -3.09385170e-02 
0.398107 8.793253e-01 -1.80560986e-02 -4.88135187e-02 
0.398107 1.406321e+00 -8.66027352e-03 -3.09385170e-02 
0.398107 1.757651e+00 -9.90197018e-03 -4.15685033e-02 
0.398107 1.230655e+00 -9.88827734e-03 -3.24554882e-02 
0.398107 1.581986e+00 -6.87549594e-03 -2.66733073e-02 
0.398107 1.757651e+00 -9.90197018e-03 -4.15685033e-02 
0.398107 1.494153e+00 -7.52923790e-03 -2.80482481e-02 
0.398107 1.757651e+00 -9.90197018e-03 -4.15685033e-02 
0.398107 1.933316e+00 -7.76187737e-03 -3.50625262e-02 
0.398107 1.669818e+00 -6.99378902e-03 -2.77126235e-02 
0.398107 1.625902e+00 -6.80122282e-03 -2.68434397e-02 
0.398107 1.757651e+00 -9.90197018e-03 -4.15685033e-02 
0.398107 1.845483e+00 -8.76528863e-03 -3.81922205e-02 
0.398107 1.713734e+00 -1.03307665e-02 -4.25154113e-02 
0.398107 1.691776e+00 -6.75721363e-03 -2.70393015e-02 
0.398107 1.680797e+00 -6.87442124e-03 -2.73739207e-02 
0.398107 1.713734e+00 -1.03307665e-02 -4.25154113e-02 
0.398107 1.735693e+00 -1.02088452e-02 -4.24518659e-02 
0.398107 1.702755e+00 -6.64209776e-03 -2.67086036e-02 
0.398107 1.697266e+00 -6.69939633e-03 -2.68734612e-02 
0.398107 1.713734e+00 -1.03307665e-02 -4.25154113e-02 
0.398107 1.724713e+00 -1.02480648e-02 -4.23600865e-02 
0.398107 1.708245e+00 -1.04129073e-02 -4.27497717e-02 
0.398107 1.705500e+00 -7.18441732e-03 -2.89002526e-02 
0.501187 1.000000e-03 -6.80001998e-02 -1.06843133e-01 
0.501187 1.465454e-01 -5.82892820e-02 -9.61320333e-02 
0.501187 2.920908e-01 -4.46331953e-02 -8.00949652e-02 
0.501187 5.831816e-01 -2.46814367e-02 -5.37514677e-02 
0.501187 8.742724e-01 -1.38493821e-02 -3.63763456e-02 
0.501187 4.376362e-01 -3.32280636e-02 -6.56283886e-02 
0.501187 8.742724e-01 -1.38493821e-02 -3.63763456e-02 
0.501187 1.165363e+00 -7.97758149e-03 -2.48308103e-02 
0.501187 7.287270e-01 -1.84263781e-02 -4.41543530e-02 
0.501187 1.165363e+00 -7.97758149e-03 -2.48308103e-02 
0.501187 1.456454e+00 -5.50237035e-03 -1.98582879e-02 
0.501187 1.019818e+00 -1.04797731e-02 -3.00348121e-02 
0.501187 1.456454e+00 -5.50237035e-03 -1.98582879e-02 
0.501187 1.747545e+00 -6.54402690e-03 -2.70298070e-02 
0.501187 1.310909e+00 -6.10579321e-03 -2.05447876e-02 
0.501187 1.601999e+00 -4.46877664e-03 -1.72716175e-02 
0.501187 1.747545e+00 -6.54402690e-03 -2.70298070e-02 
0.501187 1.529227e+00 -5.15382906e-03 -1.92339185e-02 
0.501187 1.747545e+00 -6.54402690e-03 -2.70298070e-02 
0.501187 1.893090e+00 -5.20329416e-03 -2.28786564e-02 
0.501187 1.674772e+00 -4.61895600e-03 -1.81381407e-02 
0.501187 1.638386e+00 -4.81210732e-03 -1.86495876e-02 
0.501187 1.747545e+00 -6.54402690e-03 -2.70298070e-02 
0.501187 1.820317e+00 -5.83478634e-03 -2.48762230e-02 
0.501187 1.711158e+00 -6.80598552e-03 -2.76370309e-02 
0.501187 1.692965e+00 -4.47410421e-03 -1.77153805e-02 
0.501187 1.683869e+00 -4.54593371e-03 -1.79255777e-02 
0.501187 1.711158e+00 -6.80598552e-03 -2.76370309e-02 
0.501187 1.729352e+00 -6.66109419e-03 -2.72592999e-02 
0.501187 1.702062e+00 -4.40345495e-03 -1.75075680e-02 
0.501187 1.697514e+00 -4.43863391e-03 -1.76111804e-02 
0.501187 1.711158e+00 -6.80598552e-03 -2.76370309e-02 
0.630957 1.000000e-03 -5.58819202e-02 -8.14089195e-02 
0.630957 1.207061e-01 -4.94614418e-02 -7.50283724e-02 
0.630957 2.404122e-01 -3.96696894e-02 -6.46810743e-02 
0.630957 4.798243e-01 -2.35590249e-02 -4.56586207e-02 
0.630957 7.192365e-01 -1.38594876e-02 -3.18879333e-02 
0.630957 3.601183e-01 -3.07260663e-02 -5.45291179e-02 
0.630957 7.192365e-01 -1.38594876e-02 -3.18879333e-02 
0.630957 9.586487e-01 -8.26326572e-03 -2.22636528e-02 
0.630957 5.995304e-01 -1.80475712e-02 -3.81627162e-02 
0.630957 9.586487e-01 -8.26326572e-03 -2.22636528e-02 
0.630957 1.198061e+00 -4.99779627e-03 -1.55297597e-02 
0.630957 8.389426e-01 -1.06810395e-02 -2.66447386e-02 
0.630957 1.198061e+00 -4.99779627e-03 -1.55297597e-02 
0.630957 1.437473e+00 -3.58959439e-03 -1.26418737e-02 
0.630957 1.078355e+00 -6.41552300e-03 -1.85976579e-02 
0.630957 1.437473e+00 -3.58959439e-03 -1.26418737e-02 
0.630957 1.676885e+00 -2.77120806e-03 -1.07655596e-02 
0.630957 1.916297e+00 -2.82868962e-03 -1.24264714e-02 
0.630957 2.155710e+00 -1.83453567e-03 -8.87941414e-03 
0.630957 1.796591e+00 -3.51443669e-03 -1.46594529e-02 
0.630957 1.736738e+00 -3.91773791e-03 -1.59091197e-02 
0.630957 1.706812e+00 -4.06298838e-03 -1.62603121e-02 
0.630957 1.691848e+00 -2.69007343e-03 -1.05232289e-02 
0.630957 1.684367e+00 -2.73033300e-03 -1.06437415e-02 
0.630957 1.706812e+00 -4.06298838e-03 -1.62603121e-02 
0.630957 1.721775e+00 -3.96622509e-03 -1.59783283e-02 
0.630957 1.699330e+00 -2.65042429e-03 -1.04040335e-02 
0.630957 1.695589e+00 -2.67017319e-03 -1.04634677e-02 
0.630957 1.706812e+00 -4.06298838e-03 -1.62603121e-02 
0.630957 1.714293e+00 -4.00699315e-03 -1.60912653e-02 
0.630957 1.703071e+00 -2.85970909e-03 -1.12357822e-02 
0.630957 1.701200e+00 -2.64060639e-03 -1.03744390e-02 
0.630957 1.706812e+00 -4.06298838e-03 -1.62603121e-02 
0.794328 1.000000e-03 -4.44974027e-02 -5.94385773e-02 
0.794328 9.883882e-02 -4.03916752e-02 -5.58080049e-02 
0.794328 1.966776e-01 -3.37257111e-02 -4.95377974e-02 
0.794328 3.923553e-01 -2.14555057e-02 -3.67409118e-02 
0.794328 5.880329e-01 -1.32462656e-02 -2.65528385e-02 
0.794328 7.837106e-01 -8.18490448e-03 -1.90096969e-02 
0.794328 9.793882e-01 -5.09334279e-03 -1.35314257e-02 
0.794328 1.175066e+00 -3.19353088e-03 -9.58668349e-03 
0.794328 1.370744e+00 -2.02951924e-03 -6.80752423e-03 
0.794328 1.566421e+00 -1.58431613e-03 -5.84964947e-03 
0.794328 1.762099e+00 -1.92059307e-03 -7.79377009e-03 
0.794328 1.468582e+00 -1.88464688e-03 -6.63802271e-03 
0.794328 1.762099e+00 -1.92059307e-03 -7.79377009e-03 
0.794328 1.957776e+00 -1.26904755e-03 -5.61482424e-03 
0.794328 1.664260e+00 -1.51758393e-03 -5.78929903e-03 
0.794328 1.615341e+00 -1.41988205e-03 -5.37098115e-03 
0.794328 1.713179e+00 -2.09303597e-03 -8.29332094e-03 
0.794328 1.762099e+00 -1.92059307e-03 -7.79377009e-03 
0.794328 1.688720e+00 -1.43508802e-03 -5.53870414e-03 
0.794328 1.676490e+00 -1.47574777e-03 -5.66266192e-03 
0.794328 1.713179e+00 -2.09303597e-03 -8.29332094e-03 
0.794328 1.737639e+00 -2.02270807e-03 -8.11588746e-03 
0.794328 1.700950e+00 -1.39556756e-03 -5.41735762e-03 
0.794328 1.694835e+00 -1.41518717e-03 -5.47770653e-03 
0.794328 1.713179e+00 -2.09303597e-03 -8.29332094e-03 
0.794328 1.725409e+00 -2.05572820e-03 -8.19103542e-03 
0.794328 1.707064e+00 -2.12024222e-03 -8.37740624e-03 
0.794328 1.704007e+00 -1.50715217e-03 -5.85402121e-03 
0.794328 1.702478e+00 -1.39070587e-03 -5.40236935e-03 
0.794328 1.707064e+00 -2.12024222e-03 -8.37740624e-03 
0.794328 1.710122e+00 -2.10659420e-03 -8.33526232e-03 
0.794328 1.705536e+00 -1.50195422e-03 -5.83801019e-03 
1.0 1.000000e-03 -3.42617479e-02 -4.14731811e-02 
1.0 8.054545e-02 -3.17134811e-02 -3.94936236e-02 
1.0 1.600909e-01 -2.73884582e-02 -3.59113879e-02 
1.0 3.191818e-01 -1.85835188e-02 -2.78876431e-02 
1.0 4.782727e-01 -1.20403914e-02 -2.08768839e-02 
1.0 7.964545e-01 -4.94320197e-03 -1.11716776e-02 
1.0 1.114636e+00 -2.04743255e-03 -5.78369593e-03 
1.0 6.373636e-01 -7.71641289e-03 -1.53560641e-02 
1.0 9.555455e-01 -3.17572201e-03 -8.06352686e-03 
1.0 1.114636e+00 -2.04743255e-03 -5.78369593e-03 
1.0 1.273727e+00 -1.32491134e-03 -4.12764404e-03 
1.0 1.432818e+00 -1.01276130e-03 -3.44354333e-03 
1.0 1.194182e+00 -1.64626311e-03 -4.88877145e-03 
1.0 1.432818e+00 -1.01276130e-03 -3.44354333e-03 
1.0 1.591909e+00 -6.97599262e-04 -2.56988842e-03 
1.0 1.910091e+00 -5.78457005e-04 -2.48064266e-03 
1.0 2.228273e+00 -2.60723477e-04 -1.27601092e-03 
1.0 1.751000e+00 -8.61654101e-04 -3.43590085e-03 
1.0 1.671455e+00 -6.82412425e-04 -2.57976447e-03 
1.0 1.631682e+00 -6.83545805e-04 -2.54642305e-03 
1.0 1.751000e+00 -8.61654101e-04 -3.43590085e-03 
1.0 1.830545e+00 -7.06006554e-04 -2.92129827e-03 
1.0 1.711227e+00 -9.35547090e-04 -3.65508397e-03 
1.0 1.691341e+00 -6.47194897e-04 -2.47035344e-03 
1.0 1.681398e+00 -6.64567165e-04 -2.52448359e-03 
1.0 1.711227e+00 -9.35547090e-04 -3.65508397e-03 
1.0 1.731114e+00 -8.97602934e-04 -3.54059326e-03 
1.0 1.701284e+00 -6.30281475e-04 -2.41734516e-03 
1.0 1.696312e+00 -6.38681489e-04 -2.44370996e-03 
1.0 1.711227e+00 -9.35547090e-04 -3.65508397e-03 
1.0 1.721170e+00 -9.15802306e-04 -3.59570207e-03 
1.0 1.706256e+00 -6.76854660e-04 -2.59975094e-03 
1.25893 1.000000e-03 -2.54729028e-02 -2.76123893e-02 
1.25893 6.538889e-02 -2.39327661e-02 -2.65743720e-02 
1.25893 1.297778e-01 -2.12425380e-02 -2.46343673e-02 
1.25893 2.585556e-01 -1.52838469e-02 -1.99332849e-02 
1.25893 3.873334e-01 -1.03837344e-02 -1.54472013e-02 
1.25893 6.448889e-01 -4.55509438e-03 -8.69823190e-03 
1.25893 9.024445e-01 -1.97448026e-03 -4.67107523e-03 
1.25893 5.161112e-01 -6.90397177e-03 -1.16839668e-02 
1.25893 7.736667e-01 -2.99882040e-03 -6.40196218e-03 
1.25893 9.024445e-01 -1.97448026e-03 -4.67107523e-03 
1.25893 1.031222e+00 -1.30175329e-03 -3.38520142e-03 
1.25893 1.160000e+00 -8.59430838e-04 -2.43952189e-03 
1.25893 1.288778e+00 -5.68366433e-04 -1.75000317e-03 
1.25893 1.417556e+00 -4.43876573e-04 -1.47064581e-03 
1.25893 1.224389e+00 -6.98756418e-04 -2.06727040e-03 
1.25893 1.417556e+00 -4.43876573e-04 -1.47064581e-03 
1.25893 1.546333e+00 -3.11953705e-04 -1.10477406e-03 
1.25893 1.803889e+00 -2.63637605e-04 -1.06478567e-03 
1.25893 2.061445e+00 -1.21788483e-04 -5.51948912e-04 
1.25893 1.675111e+00 -2.54863719e-04 -9.53058635e-04 
1.25893 1.610722e+00 -2.55209623e-04 -9.34966842e-04 
1.25893 1.739500e+00 -3.19729650e-04 -1.25203638e-03 
1.25893 1.803889e+00 -2.63637605e-04 -1.06478567e-03 
1.25893 1.707306e+00 -3.46216727e-04 -1.33187462e-03 
1.25893 1.691208e+00 -2.42270360e-04 -9.13214687e-04 
1.25893 1.683160e+00 -2.48486692e-04 -9.32929791e-04 
1.25893 1.707306e+00 -3.46216727e-04 -1.33187462e-03 
1.25893 1.723403e+00 -3.32875151e-04 -1.29130192e-03 
1.25893 1.699257e+00 -2.36210780e-04 -8.93905953e-04 
1.25893 1.695233e+00 -2.39221216e-04 -9.03510003e-04 
1.25893 1.707306e+00 -3.46216727e-04 -1.33187462e-03 
1.25893 1.715354e+00 -3.37882070e-04 -1.30489726e-03 
1.25893 1.703281e+00 -2.53991193e-04 -9.61987996e-04 
1.58489 1.000000e-03 -1.82725687e-02 -1.75385903e-02 
1.58489 5.293217e-02 -1.73637380e-02 -1.70130417e-02 
1.58489 1.048643e-01 -1.57477091e-02 -1.60104450e-02 
1.58489 2.087287e-01 -1.19318918e-02 -1.34257299e-02 
1.58489 3.125930e-01 -8.48745530e-03 -1.07516100e-02 
1.58489 5.203217e-01 -3.98039995e-03 -6.37366997e-03 
1.58489 7.280504e-01 -1.80664844e-03 -3.55506918e-03 
1.58489 4.164574e-01 -5.85553997e-03 -8.36216449e-03 
1.58489 6.241861e-01 -2.68628893e-03 -4.78690414e-03 
1.58489 7.280504e-01 -1.80664844e-03 -3.55506918e-03 
1.58489 8.319148e-01 -1.21318018e-03 -2.61707370e-03 
1.58489 9.357791e-01 -8.14422080e-04 -1.91315821e-03 
1.58489 1.039643e+00 -5.46702402e-04 -1.39038902e-03 
1.58489 1.143508e+00 -3.67136594e-04 -1.00560234e-03 
1.58489 1.247372e+00 -2.46690891e-04 -7.24352031e-04 
1.58489 1.351237e+00 -1.65866385e-04 -5.19955211e-04 
1.58489 1.455101e+00 -1.32132487e-04 -4.39486708e-04 
1.58489 1.558965e+00 -9.46464530e-05 -3.32162306e-04 
1.58489 1.766694e+00 -8.15303087e-05 -3.19502013e-04 
1.58489 1.974423e+00 -3.84034299e-05 -1.65892588e-04 
1.58489 1.662830e+00 -7.93943374e-05 -2.91337545e-04 
1.58489 1.870558e+00 -5.59642310e-05 -2.30522297e-04 
1.58489 1.974423e+00 -3.84034299e-05 -1.65892588e-04 
1.58489 2.078287e+00 -2.63469630e-05 -1.19106100e-04 
1.58489 2.182151e+00 -1.80724818e-05 -8.53364706e-05 
1.58489 2.286016e+00 -1.23951478e-05 -6.10260661e-05 
1.58489 2.389880e+00 -8.50057079e-06 -4.35663133e-05 
1.58489 2.493744e+00 -5.82934108e-06 -3.10531780e-05 
1.58489 2.597609e+00 -3.99738422e-06 -2.21023341e-05 
1.58489 2.805337e+00 -1.87964070e-06 -1.11539407e-05 
1.58489 3.013066e+00 -8.83880322e-07 -5.60351030e-06 
1.58489 2.701473e+00 -2.74110383e-06 -1.57107664e-05 
1.99526 1.000000e-03 -1.26415973e-02 -1.06368354e-02 
1.99526 4.276093e-02 -1.21171731e-02 -1.03788474e-02 
1.99526 8.452185e-02 -1.11725823e-02 -9.88067335e-03 
1.99526 1.680437e-01 -8.84639521e-03 -8.53925336e-03 
1.99526 2.515656e-01 -6.57202527e-03 -7.05029473e-03 
1.99526 4.186093e-01 -3.29739230e-03 -4.39833351e-03 
1.99526 5.856530e-01 -1.56871204e-03 -2.55008206e-03 
1.99526 3.350874e-01 -4.70486513e-03 -5.63523306e-03 
1.99526 5.856530e-01 -1.56871204e-03 -2.55008206e-03 
1.99526 7.526967e-01 -7.32461415e-04 -1.41481378e-03 
1.99526 5.021311e-01 -2.28265105e-03 -3.37212943e-03 
1.99526 6.691748e-01 -1.07335400e-03 -1.90770572e-03 
1.99526 7.526967e-01 -7.32461415e-04 -1.41481378e-03 
1.99526 8.362185e-01 -4.99024707e-04 -1.04184658e-03 
1.99526 9.197404e-01 -3.39763647e-04 -7.62790816e-04 
1.99526 1.003262e+00 -2.31162690e-04 -5.55666713e-04 
1.99526 1.086784e+00 -1.57236128e-04 -4.03080685e-04 
1.99526 1.170306e+00 -1.06942721e-04 -2.91334572e-04 
1.99526 1.253828e+00 -7.27362789e-05 -2.09902443e-04 
1.99526 1.337350e+00 -4.94713201e-05 -1.50808828e-04 
1.99526 1.420872e+00 -3.98887072e-05 -1.27809057e-04 
1.99526 1.295589e+00 -5.99866840e-05 -1.77978208e-04 
1.99526 1.420872e+00 -3.98887072e-05 -1.27809057e-04 
1.99526 1.504393e+00 -2.71601369e-05 -9.14359965e-05 
1.99526 1.671437e+00 -1.70598193e-05 -6.21074473e-05 
1.99526 1.838481e+00 -1.20136422e-05 -4.81776335e-05 
1.99526 1.587915e+00 -1.98735962e-05 -6.98199916e-05 
1.99526 1.754959e+00 -1.73729370e-05 -6.68492931e-05 
1.99526 1.838481e+00 -1.20136422e-05 -4.81776335e-05 
1.99526 1.713198e+00 -2.06111374e-05 -7.72651485e-05 
1.99526 1.692318e+00 -1.55140648e-05 -5.70921346e-05 
1.99526 1.681877e+00 -1.62685403e-05 -5.95477773e-05 
1.99526 1.713198e+00 -2.06111374e-05 -7.72651485e-05 
1.99526 1.734078e+00 -1.89618937e-05 -7.20153184e-05 
1.99526 1.702758e+00 -1.47946808e-05 -5.47363939e-05 
1.99526 1.697538e+00 -1.51500906e-05 -5.59020323e-05 
10.0 1.000000e-03 -3.43892181e-04 -9.55977081e-05 
10.0 9.663366e-03 -3.38414805e-04 -9.46819674e-05 
10.0 1.832673e-02 -3.26822667e-04 -9.27567477e-05 
10.0 3.565347e-02 -2.94123177e-04 -8.72241301e-05 
10.0 5.298020e-02 -2.56056929e-04 -8.03874186e-05 
10.0 8.763366e-02 -1.80097302e-04 -6.45318926e-05 
10.0 1.222871e-01 -1.16984429e-04 -4.80804549e-05 
10.0 1.915941e-01 -4.17744344e-05 -2.21168544e-05 
10.0 2.609010e-01 -1.29622567e-05 -8.50745523e-06 
10.0 1.569406e-01 -7.15182637e-05 -3.35184201e-05 
10.0 2.262475e-01 -2.35766080e-05 -1.39621679e-05 
10.0 2.609010e-01 -1.29622567e-05 -8.50745523e-06 
10.0 2.089208e-01 -3.15001792e-05 -1.76595508e-05 
10.0 2.609010e-01 -1.29622567e-05 -8.50745523e-06 
10.0 2.955545e-01 -6.98399910e-06 -5.03820438e-06 
10.0 2.435743e-01 -1.75315978e-05 -1.09419143e-05 
10.0 2.955545e-01 -6.98399911e-06 -5.03820438e-06 
10.0 3.302079e-01 -3.70399823e-06 -2.91558015e-06 
10.0 2.782277e-01 -9.53577979e-06 -6.56785836e-06 
10.0 3.302079e-01 -3.70399823e-06 -2.91558015e-06 
10.0 3.648614e-01 -1.94006888e-06 -1.65566446e-06 
10.0 3.128812e-01 -5.09501319e-06 -3.84263472e-06 
10.0 3.648614e-01 -1.94006888e-06 -1.65566446e-06 
10.0 3.995149e-01 -1.00607849e-06 -9.25648814e-07 
10.0 3.475347e-01 -2.68439571e-06 -2.20179329e-06 
10.0 3.995149e-01 -1.00607849e-06 -9.25648814e-07 
10.0 4.341683e-01 -5.17544481e-07 -5.10825122e-07 
10.0 3.821881e-01 -1.39864909e-06 -1.24016491e-06 
10.0 4.341683e-01 -5.17544484e-07 -5.10825122e-07 
10.0 4.688218e-01 -2.64488223e-07 -2.78832406e-07 
10.0 4.168416e-01 -7.22242702e-07 -6.88659708e-07 
10.0 4.688218e-01 -2.64488224e-07 -2.78832406e-07 
10.0 5.034752e-01 -1.34432187e-07 -1.50789726e-07 
10.0 4.514950e-01 -3.70254396e-07 -3.77879973e-07 
10.0 5.034752e-01 -1.34432187e-07 -1.50789726e-07 
10.0 5.381287e-01 -6.80172504e-08 -8.08962931e-08 
10.0 4.861485e-01 -1.88679071e-07 -2.05269380e-07 
10.0 5.381287e-01 -6.80172504e-08 -8.08962931e-08 
10.0 5.727822e-01 -3.42797795e-08 -4.30993439e-08 
10.0 5.208020e-01 -9.56729039e-08 -1.10548587e-07 
2.51189 1.000000e-03 -8.43334208e-03 -6.16863035e-03 
2.51189 3.450065e-02 -8.13731486e-03 -6.04530921e-03 
2.51189 6.800129e-02 -7.59671142e-03 -5.80536291e-03 
2.51189 1.350026e-01 -6.23518992e-03 -5.14292308e-03 
2.51189 2.020039e-01 -4.81921547e-03 -4.36534246e-03 
2.51189 3.360065e-01 -2.58698566e-03 -2.86357628e-03 
2.51189 4.700090e-01 -1.29283442e-03 -1.72747960e-03 
2.51189 2.690052e-01 -3.57750467e-03 -3.58253284e-03 
2.51189 4.700090e-01 -1.29283442e-03 -1.72747960e-03 
2.51189 6.040116e-01 -6.26204890e-04 -9.88989239e-04 
2.51189 4.030077e-01 -1.83908823e-03 -2.24221886e-03 
2.51189 6.040116e-01 -6.26204890e-04 -9.88989239e-04 
2.51189 7.380142e-01 -2.98927118e-04 -5.47049128e-04 
2.51189 5.370103e-01 -9.02055406e-04 -1.31388146e-03 
2.51189 6.710129e-01 -4.33187058e-04 -7.38140337e-04 
2.51189 7.380142e-01 -2.98927118e-04 -5.47049128e-04 
2.51189 8.050155e-01 -2.05917775e-04 -4.03034102e-04 
2.51189 8.720168e-01 -1.41667455e-04 -2.95440379e-04 
2.51189 9.390181e-01 -9.74349255e-05 -2.15687281e-04 
2.51189 1.006019e+00 -6.69415006e-05 -1.56847862e-04 
2.51189 1.073021e+00 -4.59693670e-05 -1.13687006e-04 
2.51189 1.140022e+00 -3.15554630e-05 -8.21645469e-05 
2.51189 1.207023e+00 -2.16534780e-05 -5.92283997e-05 
2.51189 1.274025e+00 -1.48530477e-05 -4.25942571e-05 
2.51189 1.341026e+00 -1.01831370e-05 -3.05645395e-05 
2.51189 1.408027e+00 -8.29771979e-06 -2.59427515e-05 
2.51189 1.307525e+00 -1.22991488e-05 -3.60906879e-05 
2.51189 1.408027e+00 -8.29771979e-06 -2.59427515e-05 
2.51189 1.475028e+00 -5.70718147e-06 -1.86003794e-05 
2.51189 1.609031e+00 -2.91027628e-06 -1.02226626e-05 
2.51189 1.743034e+00 -2.57118863e-06 -9.71413382e-06 
2.51189 1.542030e+00 -4.28207403e-06 -1.44996834e-05 
2.51189 1.743034e+00 -2.57118862e-06 -9.71413382e-06 
2.51189 1.877036e+00 -1.24259622e-06 -5.02063823e-06 
2.51189 1.676032e+00 -2.55356316e-06 -9.21784646e-06 
2.51189 1.810035e+00 -1.78753435e-06 -6.98783840e-06 
2.51189 1.877036e+00 -1.24259622e-06 -5.02063823e-06 
3.16228 1.000000e-03 -5.42361253e-03 -3.42529030e-03 
3.16228 2.782173e-02 -5.26027349e-03 -3.36766547e-03 
3.16228 5.464346e-02 -4.95637545e-03 -3.25474439e-03 
3.16228 1.082869e-01 -4.18375914e-03 -2.94019586e-03 
3.16228 1.619304e-01 -3.34651144e-03 -2.55672922e-03 
3.16228 2.692173e-01 -1.91773040e-03 -1.76049091e-03 
3.16228 3.765042e-01 -1.00919000e-03 -1.10651365e-03 
3.16228 2.155739e-01 -2.57048935e-03 -2.15109988e-03 
3.16228 3.765042e-01 -1.00919000e-03 -1.10651365e-03 
3.16228 4.837912e-01 -5.08464411e-04 -6.54757495e-04 
3.16228 3.228608e-01 -1.40144788e-03 -1.40858131e-03 
3.16228 4.837912e-01 -5.08464411e-04 -6.54757495e-04 
3.16228 5.910781e-01 -2.50329779e-04 -3.72053626e-04 
3.16228 4.301477e-01 -7.19086117e-04 -8.56366882e-04 
3.16228 5.910781e-01 -2.50329779e-04 -3.72053626e-04 
3.16228 6.983650e-01 -1.21662178e-04 -2.05517721e-04 
3.16228 5.374346e-01 -3.57516316e-04 -4.95623361e-04 
3.16228 6.983650e-01 -1.21662178e-04 -2.05517721e-04 
3.16228 8.056520e-01 -5.86791021e-05 -1.11214858e-04 
3.16228 6.447216e-01 -1.74726184e-04 -2.77343896e-04 
3.16228 7.520085e-01 -8.45552342e-05 -1.51518257e-04 
3.16228 8.056520e-01 -5.86791021e-05 -1.11214858e-04 
3.16228 8.592954e-01 -4.06728939e-05 -8.13176491e-05 
3.16228 9.129389e-01 -2.81946291e-05 -5.92805135e-05 
3.16228 9.665824e-01 -1.95155357e-05 -4.30732526e-05 
3.16228 1.020226e+00 -1.34996042e-05 -3.12134482e-05 
3.16228 1.073869e+00 -9.33284709e-06 -2.25645125e-05 
3.16228 1.127513e+00 -6.44859071e-06 -1.62760877e-05 
3.16228 1.181156e+00 -4.45300172e-06 -1.17160845e-05 
3.16228 1.234800e+00 -3.07274884e-06 -8.41729857e-06 
3.16228 1.288443e+00 -2.11830682e-06 -6.03599486e-06 
3.16228 1.342087e+00 -1.45831422e-06 -4.32021412e-06 
3.16228 1.449374e+00 -8.28806834e-07 -2.62955189e-06 
3.16228 1.556660e+00 -4.29600952e-07 -1.45496160e-06 
3.98107 1.000000e-03 -3.36145541e-03 -1.82235827e-03 
3.98107 2.244046e-02 -3.27352282e-03 -1.79597238e-03 
3.98107 4.388091e-02 -3.10587144e-03 -1.74374744e-03 
3.98107 8.676182e-02 -2.67718122e-03 -1.59844767e-03 
3.98107 1.296427e-01 -2.20225913e-03 -1.41800557e-03 
3.98107 2.154046e-01 -1.33973870e-03 -1.02117065e-03 
3.98107 3.011664e-01 -7.42901310e-04 -6.69135935e-04 
3.98107 3.869282e-01 -3.90464235e-04 -4.10122620e-04 
3.98107 4.726900e-01 -1.98854109e-04 -2.39925614e-04 
3.98107 3.440473e-01 -5.41298548e-04 -5.27489351e-04 
3.98107 4.726900e-01 -1.98854109e-04 -2.39925614e-04 
3.98107 5.584518e-01 -9.93470172e-05 -1.35792241e-04 
3.98107 4.298091e-01 -2.79488685e-04 -3.15210413e-04 
3.98107 5.584518e-01 -9.93470172e-05 -1.35792241e-04 
3.98107 6.442137e-01 -4.90354607e-05 -7.50205211e-05 
3.98107 5.155709e-01 -1.40817250e-04 -1.81130784e-04 
3.98107 6.442137e-01 -4.90354607e-05 -7.50205211e-05 
3.98107 7.299755e-01 -2.40100952e-05 -4.06985539e-05 
3.98107 6.013328e-01 -6.98805974e-05 -1.01193795e-04 
3.98107 6.870946e-01 -3.43405428e-05 -5.53658811e-05 
3.98107 7.299755e-01 -2.40100952e-05 -4.06985539e-05 
3.98107 7.728564e-01 -1.67641195e-05 -2.98118219e-05 
3.98107 8.157373e-01 -1.16908533e-05 -2.17688614e-05 
3.98107 8.586182e-01 -8.14397332e-06 -1.58510353e-05 
3.98107 9.014991e-01 -5.66704684e-06 -1.15124450e-05 
3.98107 9.443800e-01 -3.95296914e-06 -8.35150720e-06 
3.98107 9.872610e-01 -2.74895819e-06 -6.04061034e-06 
3.98107 1.030142e+00 -1.91039731e-06 -4.36071614e-06 
3.98107 1.073023e+00 -1.32670759e-06 -3.14229399e-06 
3.98107 1.115904e+00 -9.20625564e-07 -2.26039025e-06 
3.98107 1.158785e+00 -6.38223313e-07 -1.62325573e-06 
5.01187 1.000000e-03 -2.00737435e-03 -9.29032469e-04 
5.01187 1.811702e-02 -1.96131210e-03 -9.17193340e-04 
5.01187 3.523405e-02 -1.87094619e-03 -8.93425589e-04 
5.01187 6.946809e-02 -1.63737443e-03 -8.27494918e-04 
5.01187 1.037021e-01 -1.37617266e-03 -7.45438598e-04 
5.01187 1.721702e-01 -8.81139179e-04 -5.58066675e-04 
5.01187 2.406383e-01 -5.13519547e-04 -3.80650881e-04 
5.01187 3.091064e-01 -2.81833413e-04 -2.41935478e-04 
5.01187 3.775745e-01 -1.48842537e-04 -1.46041268e-04 
5.01187 2.748724e-01 -3.82686286e-04 -3.05756009e-04 
5.01187 3.775745e-01 -1.48842537e-04 -1.46041268e-04 
5.01187 4.460426e-01 -7.66552153e-05 -8.48941018e-05 
5.01187 3.433405e-01 -2.05599288e-04 -1.88999929e-04 
5.01187 4.460426e-01 -7.66552153e-05 -8.48941018e-05 
5.01187 5.145107e-01 -3.88182075e-05 -4.79863947e-05 
5.01187 4.118086e-01 -1.07086699e-04 -1.11795488e-04 
5.01187 5.145107e-01 -3.88182075e-05 -4.79863947e-05 
5.01187 5.829788e-01 -1.94305052e-05 -2.65540400e-05 
5.01187 4.802767e-01 -5.46433956e-05 -6.40191846e-05 
5.01187 5.829788e-01 -1.94305052e-05 -2.65540400e-05 
5.01187 6.514469e-01 -9.64594996e-06 -1.44535914e-05 
5.01187 5.487448e-01 -2.74969401e-05 -3.57793498e-05 
5.01187 6.514469e-01 -9.64594996e-06 -1.44535914e-05 
5.01187 7.199150e-01 -4.75934248e-06 -7.76460252e-06 
5.01187 6.172129e-01 -1.37023444e-05 -1.96266439e-05 
5.01187 7.199150e-01 -4.75934248e-06 -7.76460252e-06 
5.01187 7.883831e-01 -2.33684710e-06 -4.12675932e-06 
5.01187 6.856809e-01 -6.78010115e-06 -1.06092934e-05 
5.01187 7.541490e-01 -3.33682934e-06 -5.66752382e-06 
5.01187 7.883831e-01 -2.33684710e-06 -4.12675932e-06 
5.01187 8.226171e-01 -1.63470284e-06 -2.99812693e-06 
5.01187 8.568512e-01 -1.14213351e-06 -2.17362137e-06 
5.01187 8.910852e-01 -7.96791503e-07 -1.57276500e-06 
5.01187 9.253193e-01 -5.59965000e-07 -1.13888992e-06 
5.01187 9.937874e-01 -2.72638257e-07 -5.91960144e-07 
5.01187 1.062255e+00 -1.32268661e-07 -3.05816557e-07 
5.01187 9.595533e-01 -3.90878873e-07 -8.21721924e-07 
6.30957 1.000000e-03 -1.15530021e-03 -4.53823379e-04 
6.30957 1.465146e-02 -1.13188342e-03 -4.48631793e-04 
6.30957 2.830292e-02 -1.08458654e-03 -4.38030887e-04 
6.30957 5.560585e-02 -9.59806226e-04 -4.08539803e-04 
6.30957 8.290877e-02 -8.19393023e-04 -3.72063188e-04 
6.30957 1.375146e-01 -5.46563566e-04 -2.87331694e-04 
6.30957 1.921205e-01 -3.32858281e-04 -2.03145364e-04 
6.30957 3.013322e-01 -1.04284101e-04 -8.33498453e-05 
6.30957 4.105439e-01 -2.88682041e-05 -2.88886918e-05 
6.30957 2.467263e-01 -1.90362359e-04 -1.33725855e-04 
6.30957 2.194234e-01 -2.53345653e-04 -1.66112098e-04 
6.30957 3.013322e-01 -1.04284101e-04 -8.33498453e-05 
6.30957 3.559380e-01 -5.54491795e-05 -4.98480770e-05 
6.30957 2.740292e-01 -1.41521502e-04 -1.06200330e-04 
6.30957 3.559380e-01 -5.54491795e-05 -4.98480770e-05 
6.30957 4.105439e-01 -2.88682041e-05 -2.88886918e-05 
6.30957 3.286351e-01 -7.62786596e-05 -6.47471925e-05 
6.30957 4.105439e-01 -2.88682041e-05 -2.88886918e-05 
6.30957 4.651497e-01 -1.48032331e-05 -1.63405090e-05 
6.30957 3.832409e-01 -4.00975695e-05 -3.80783272e-05 
6.30957 4.651497e-01 -1.48032331e-05 -1.63405090e-05 
6.30957 5.197555e-01 -7.50680330e-06 -9.06856537e-06 
6.30957 4.378468e-01 -2.07055593e-05 -2.17848965e-05 
6.30957 5.197555e-01 -7.50680330e-06 -9.06856537e-06 
6.30957 5.743614e-01 -3.77502360e-06 -4.95699721e-06 
6.30957 4.924526e-01 -1.05541903e-05 -1.21988475e-05 
6.30957 5.743614e-01 -3.77502360e-06 -4.95699721e-06 
6.30957 6.289672e-01 -1.88615868e-06 -2.67634910e-06 
6.30957 5.470585e-01 -5.32822365e-06 -6.71609495e-06 
6.30957 6.289672e-01 -1.88615868e-06 -2.67634910e-06 
6.30957 6.835731e-01 -9.37517590e-07 -1.43030779e-06 
6.30957 6.016643e-01 -2.67029734e-06 -3.64742541e-06 
6.30957 6.835731e-01 -9.37517590e-07 -1.43030779e-06 
6.30957 7.381789e-01 -4.63895604e-07 -7.57798917e-07 
6.30957 6.562702e-01 -1.33056544e-06 -1.95881543e-06 
6.30957 7.381789e-01 -4.63895604e-07 -7.57798917e-07 
6.30957 7.927848e-01 -2.28481002e-07 -3.98465942e-07 
6.30957 7.108760e-01 -6.59838140e-07 -1.04214467e-06 
6.30957 7.927848e-01 -2.28481002e-07 -3.98465942e-07 
6.30957 8.473906e-01 -1.11791084e-07 -2.08080128e-07 
6.30957 7.654819e-01 -3.25770027e-07 -5.49997802e-07 
7.94328 1.000000e-03 -6.41349866e-04 -2.12548794e-04 
7.94328 1.187865e-02 -6.29826299e-04 -2.10333535e-04 
7.94328 2.275729e-02 -6.05934491e-04 -2.05734736e-04 
7.94328 4.451459e-02 -5.40973202e-04 -1.92784748e-04 
7.94328 6.627188e-02 -4.66998595e-04 -1.76843199e-04 
7.94328 1.097865e-01 -3.21241570e-04 -1.39740979e-04 
7.94328 1.533011e-01 -2.02873173e-04 -1.01772701e-04 
7.94328 2.403302e-01 -6.82160329e-05 -4.44135561e-05 
7.94328 3.273594e-01 -2.00363359e-05 -1.62449270e-05 
7.94328 1.968156e-01 -1.20331946e-04 -6.91274736e-05 
7.94328 1.750583e-01 -1.57280531e-04 -8.45343921e-05 
7.94328 2.403302e-01 -6.82160329e-05 -4.44135561e-05 
7.94328 2.838448e-01 -3.74207965e-05 -2.73210662e-05 
7.94328 2.185729e-01 -9.10352048e-05 -5.57500795e-05 
7.94328 2.838448e-01 -3.74207965e-05 -2.73210662e-05 
7.94328 3.273594e-01 -2.00363359e-05 -1.62449270e-05 
7.94328 2.620875e-01 -5.07012565e-05 -3.50012498e-05 
7.94328 3.273594e-01 -2.00363359e-05 -1.62449270e-05 
7.94328 3.708740e-01 -1.05354795e-05 -9.40388766e-06 
7.94328 3.056021e-01 -2.74532621e-05 -2.11464150e-05 
7.94328 3.708740e-01 -1.05354795e-05 -9.40388766e-06 
7.94328 4.143886e-01 -5.46408366e-06 -5.32885135e-06 
7.94328 3.491167e-01 -1.45575038e-05 -1.23966126e-05 
7.94328 4.143886e-01 -5.46408366e-06 -5.32885135e-06 
7.94328 4.579032e-01 -2.80401028e-06 -2.96818417e-06 
7.94328 3.926313e-01 -7.59865117e-06 -7.09585637e-06 
7.94328 4.579032e-01 -2.80401028e-06 -2.96818417e-06 
7.94328 5.014177e-01 -1.42706180e-06 -1.63022730e-06 
7.94328 4.361459e-01 -3.91880513e-06 -3.98475599e-06 
7.94328 5.014177e-01 -1.42706180e-06 -1.63022730e-06 
7.94328 5.449323e-01 -7.21506937e-07 -8.85027912e-07 
7.94328 4.796604e-01 -2.00221110e-06 -2.20323018e-06 
7.94328 5.449323e-01 -7.21506937e-07 -8.85027912e-07 
7.94328 5.884469e-01 -3.62831093e-07 -4.75804307e-07 
7.94328 5.231750e-01 -1.01545913e-06 -1.20275740e-06 
7.94328 5.884469e-01 -3.62831095e-07 -4.75804307e-07 
7.94328 6.319615e-01 -1.81635860e-07 -2.53680530e-07 
7.94328 5.666896e-01 -5.11961932e-07 -6.49649977e-07 
7.94328 6.319615e-01 -1.81635859e-07 -2.53680530e-07 
7.94328 6.754761e-01 -9.05595472e-08 -1.34278572e-07 
7.94328 6.102042e-01 -2.56851443e-07 -3.47757463e-07 
7.94328 6.754761e-01 -9.05595465e-08 -1.34278572e-07 
7.94328 7.189907e-01 -4.49643168e-08 -7.06201450e-08 
7.94328 6.537188e-01 -1.28316793e-07 -1.84720488e-07 
