32.73157832
28.59838470
29.07449724
29.88404777
30.11975659
30.33453256
30.29301131
28.81990205
32.65508659
29.51377284
30.20321836
35.50100931
25.48017956
29.72568451
29.91395897
31.29813101
34.85746442
33.40815905
36.00176917
34.37135558
29.66712706
30.63712213
30.66413852
29.82802224
31.05163500
33.98418729
29.52050577
30.58626671
34.26132063
30.77681029
27.23389838
28.91341845
29.77634115
29.86908094
28.67587941
30.76335453
29.33478727
29.70840813
29.69948736
18.61799829
30.07518565
32.90819338
31.57313881
30.86493459
29.32914108
27.63533729
28.88877788
29.89402150
29.15413484
33.42550506
29.14390791
28.23353944
27.08388852
28.30150158
29.04657249
27.04227558
27.25092032
29.41653526
26.43904469
28.33659045
30.61495090
28.69262310
29.30541520
29.92004832
27.07777299
33.83277885
28.13952923
28.93746574
28.89966816
29.83024307
18.76508037
31.01427803
26.68160123
27.54589940
25.64151169
26.70889826
29.74406447
31.76506183
25.73177628
25.84864902
26.79989356
25.50746375
27.71851247
27.23937088
26.00451141
30.43917605
27.08816858
25.74464539
28.73760945
26.72873314
25.98157412
25.18073308
25.91711390
25.48732824
25.30342423
25.66991476
26.11826163
29.25450923
30.76766101
27.47847926
28.07825380
30.32142673
30.73588653
30.09225146
16.47647655
24.98595804
