      L       W    Grid       Energy    EnergyErr        Force     ForceErr Status
 10.000   0.000   0.400   -7.686e-05    2.789e-07   -2.886e-05    9.551e-08    0
 10.000   0.000   0.500   -7.596e-05    2.752e-07   -2.854e-05    9.431e-08    0
 10.000 100.000   0.400   -3.943e-08    2.165e-10   -1.579e-09    4.729e-12    0
 10.000 100.000   0.500   -3.889e-08    2.182e-10   -1.557e-09    4.666e-12    0
 10.000  20.000   0.400   -7.650e-05    2.674e-07   -2.882e-05    9.620e-08    0
 10.000  20.000   0.500   -7.561e-05    2.642e-07   -2.849e-05    9.501e-08    0
 10.000  40.000   0.400   -6.992e-05    2.235e-07   -2.737e-05    8.046e-08    0
 10.000  40.000   0.500   -6.911e-05    2.207e-07   -2.706e-05    7.943e-08    0
 10.000  50.000   0.400   -4.028e-05    1.638e-07   -1.536e-05    3.335e-08    0
 10.000  50.000   0.500   -3.981e-05    1.619e-07   -1.518e-05    3.293e-08    0
 10.000  60.000   0.400   -7.446e-06    4.640e-08   -1.670e-06    4.594e-09    0
 10.000  60.000   0.500   -7.352e-06    4.578e-08   -1.649e-06    4.529e-09    0
 10.000  80.000   0.400   -3.014e-07    1.958e-09   -2.223e-08    7.609e-11    0
 10.000  80.000   0.500   -2.974e-07    1.928e-09   -2.192e-08    7.506e-11    0
 15.000   0.000   0.400   -1.595e-05    6.849e-08   -4.247e-06    1.578e-08    0
 15.000   0.000   0.500   -1.576e-05    6.758e-08   -4.196e-06    1.557e-08    0
 15.000 100.000   0.400   -3.202e-08    1.854e-10   -1.384e-09    3.989e-12    0
 15.000 100.000   0.500   -3.157e-08    1.919e-10   -1.365e-09    3.930e-12    0
 15.000  20.000   0.400   -1.575e-05    6.859e-08   -4.224e-06    1.567e-08    0
 15.000  20.000   0.500   -1.556e-05    6.772e-08   -4.174e-06    1.546e-08    0
 15.000  40.000   0.400   -1.343e-05    4.408e-08   -3.770e-06    1.058e-08    0
 15.000  40.000   0.500   -1.326e-05    4.350e-08   -3.725e-06    1.044e-08    0
 15.000  50.000   0.400   -8.184e-06    4.095e-08   -2.202e-06    4.856e-09    0
 15.000  50.000   0.500   -8.085e-06    4.045e-08   -2.176e-06    4.791e-09    0
 15.000  60.000   0.400   -2.629e-06    1.611e-08   -5.049e-07    1.459e-09    0
 15.000  60.000   0.500   -2.596e-06    1.589e-08   -4.986e-07    1.440e-09    0
 15.000  80.000   0.400   -2.059e-07    1.384e-09   -1.610e-08    6.123e-11    0
 15.000  80.000   0.500   -2.031e-07    1.386e-09   -1.589e-08    6.037e-11    0
  1.000   0.000   0.400   -6.954e-02    3.158e-04   -1.619e-01    4.669e-04    0
  1.000   0.000   0.500   -6.836e-02    3.124e-04   -1.581e-01    4.615e-04    0
  1.000 100.000   0.400   -5.484e-08    2.699e-10   -1.799e-09    6.537e-12    0
  1.000 100.000   0.500   -5.404e-08    2.670e-10   -1.774e-09    6.451e-12    0
  1.000  20.000   0.400   -6.956e-02    3.160e-04   -1.620e-01    4.676e-04    0
  1.000  20.000   0.500   -6.833e-02    3.124e-04   -1.580e-01    4.614e-04    0
  1.000  40.000   0.400   -6.951e-02    3.141e-04   -1.620e-01    4.671e-04    0
  1.000  40.000   0.500   -6.828e-02    3.104e-04   -1.580e-01    4.609e-04    0
  1.000  50.000   0.400   -3.834e-02    1.548e-04   -8.818e-02    2.461e-04    0
  1.000  50.000   0.500   -3.754e-02    1.527e-04   -8.551e-02    2.423e-04    0
  1.000  60.000   0.400   -6.190e-05    3.410e-07   -1.327e-05    3.636e-08    0
  1.000  60.000   0.500   -6.105e-05    3.360e-07   -1.308e-05    3.585e-08    0
  1.000  80.000   0.400   -5.474e-07    3.007e-09   -3.128e-08    9.145e-11    0
  1.000  80.000   0.500   -5.399e-07    2.978e-09   -3.084e-08    9.023e-11    0
 20.000   0.000   0.400   -4.952e-06    2.174e-08   -1.025e-06    3.650e-09    0
 20.000   0.000   0.500   -4.890e-06    2.146e-08   -1.012e-06    3.600e-09    0
 20.000 100.000   0.400   -2.565e-08    1.534e-10   -1.170e-09    3.717e-12    0
 20.000 100.000   0.500   -2.527e-08    1.542e-10   -1.154e-09    3.665e-12    0
 20.000  20.000   0.400   -4.835e-06    2.040e-08   -1.013e-06    3.447e-09    0
 20.000  20.000   0.500   -4.775e-06    2.012e-08   -1.000e-06    3.401e-09    0
 20.000  40.000   0.400   -3.906e-06    1.323e-08   -8.523e-07    1.931e-09    0
 20.000  40.000   0.500   -3.857e-06    1.307e-08   -8.418e-07    1.904e-09    0
 20.000  50.000   0.400   -2.518e-06    1.260e-08   -5.230e-07    1.198e-09    0
 20.000  50.000   0.500   -2.487e-06    1.244e-08   -5.167e-07    1.185e-09    0
 20.000  60.000   0.400   -1.083e-06    7.251e-09   -1.772e-07    6.371e-10    0
 20.000  60.000   0.500   -1.070e-06    7.166e-09   -1.750e-07    6.295e-10    0
 20.000  80.000   0.400   -1.386e-07    9.549e-10   -1.104e-08    4.461e-11    0
 20.000  80.000   0.500   -1.367e-07    9.591e-10   -1.089e-08    4.399e-11    0
 25.000   0.000   0.400   -1.941e-06    8.729e-09   -3.304e-07    1.152e-09    0
 25.000   0.000   0.500   -1.916e-06    8.594e-09   -3.263e-07    1.136e-09    0
 25.000 100.000   0.400   -2.029e-08    1.329e-10   -9.617e-10    3.256e-12    0
 25.000 100.000   0.500   -2.001e-08    1.229e-10   -9.486e-10    3.209e-12    0
 25.000  20.000   0.400   -1.873e-06    7.648e-09   -3.233e-07    1.026e-09    0
 25.000  20.000   0.500   -1.849e-06    7.535e-09   -3.192e-07    1.012e-09    0
 25.000  40.000   0.400   -1.460e-06    5.291e-09   -2.600e-07    5.259e-10    0
 25.000  40.000   0.500   -1.442e-06    5.222e-09   -2.567e-07    5.183e-10    0
 25.000  50.000   0.400   -9.878e-07    4.882e-09   -1.671e-07    3.947e-10    0
 25.000  50.000   0.500   -9.753e-07    4.804e-09   -1.651e-07    3.903e-10    0
 25.000  60.000   0.400   -5.069e-07    3.250e-09   -7.155e-08    2.512e-10    0
 25.000  60.000   0.500   -5.005e-07    3.209e-09   -7.065e-08    2.481e-10    0
 25.000  80.000   0.400   -9.314e-08    6.438e-10   -7.353e-09    3.058e-11    0
 25.000  80.000   0.500   -9.190e-08    6.476e-10   -7.255e-09    3.017e-11    0
 30.000   0.000   0.400   -8.855e-07    3.991e-09   -1.287e-07    4.368e-10    0
 30.000   0.000   0.500   -8.739e-07    3.937e-09   -1.270e-07    4.308e-10    0
 30.000 100.000   0.400   -1.599e-08    1.043e-10   -7.733e-10    2.720e-12    0
 30.000 100.000   0.500   -1.576e-08    9.451e-11   -7.628e-10    2.682e-12    0
 30.000  20.000   0.400   -8.444e-07    3.382e-09   -1.245e-07    3.724e-10    0
 30.000  20.000   0.500   -8.336e-07    3.317e-09   -1.229e-07    3.672e-10    0
 30.000  40.000   0.400   -6.452e-07    2.701e-09   -9.695e-08    2.324e-10    0
 30.000  40.000   0.500   -6.369e-07    2.669e-09   -9.572e-08    2.291e-10    0
 30.000  50.000   0.400   -4.545e-07    2.257e-09   -6.495e-08    1.612e-10    0
 30.000  50.000   0.500   -4.486e-07    2.230e-09   -6.413e-08    1.594e-10    0
 30.000  60.000   0.400   -2.620e-07    1.617e-09   -3.240e-08    1.140e-10    0
 30.000  60.000   0.500   -2.586e-07    1.603e-09   -3.199e-08    1.126e-10    0
 30.000  80.000   0.400   -6.307e-08    4.306e-10   -4.847e-09    2.028e-11    0
 30.000  80.000   0.500   -6.222e-08    4.335e-10   -4.783e-09    2.001e-11    0
  5.000   0.000   0.400   -8.733e-04    3.109e-06   -5.666e-04    1.687e-06    0
  5.000   0.000   0.500   -8.637e-04    3.067e-06   -5.605e-04    1.670e-06    0
  5.000 100.000   0.400   -4.775e-08    2.514e-10   -1.729e-09    5.753e-12    0
  5.000 100.000   0.500   -4.706e-08    2.494e-10   -1.705e-09    5.677e-12    0
  5.000  20.000   0.400   -8.726e-04    3.112e-06   -5.665e-04    1.689e-06    0
  5.000  20.000   0.500   -8.630e-04    3.070e-06   -5.604e-04    1.672e-06    0
  5.000  40.000   0.400   -8.520e-04    2.389e-06   -5.618e-04    1.718e-06    0
  5.000  40.000   0.500   -8.426e-04    2.354e-06   -5.557e-04    1.701e-06    0
  5.000  50.000   0.400   -4.753e-04    1.326e-06   -3.127e-04    6.896e-07    0
  5.000  50.000   0.500   -4.699e-04    1.308e-06   -3.092e-04    6.822e-07    0
  5.000  60.000   0.400   -2.429e-05    1.480e-07   -5.911e-06    1.407e-08    0
  5.000  60.000   0.500   -2.397e-05    1.460e-07   -5.832e-06    1.386e-08    0
  5.000  80.000   0.400   -4.279e-07    2.578e-09   -2.813e-08    8.120e-11    0
  5.000  80.000   0.500   -4.221e-07    2.550e-09   -2.774e-08    8.002e-11    0
