0.1 -5.667981e-01 5.338126e-03 -2.930284e+00 1.624122e-02 
0.158489 -4.347803e-01 4.079136e-03 -1.875773e+00 7.865446e-03 
0.251189 -3.040773e-01 2.725045e-03 -1.082015e+00 2.890536e-03 
0.316228 -2.442264e-01 1.886617e-03 -7.860033e-01 2.047697e-03 
0.398107 -1.901147e-01 2.373947e-03 -5.521756e-01 1.704990e-03 
0.501187 -1.431718e-01 1.703873e-03 -3.739711e-01 1.745384e-03 
0.630957 -1.039204e-01 9.245422e-04 -2.431135e-01 1.097610e-03 
0.794328 -7.249249e-02 4.700838e-04 -1.511088e-01 6.397640e-04 
1.0 -4.845639e-02 2.522514e-04 -8.942047e-02 3.426153e-04 
1.25893 -3.097957e-02 1.633338e-04 -5.024764e-02 1.689238e-04 
1.99526 -1.104472e-02 5.070522e-05 -1.349900e-02 3.772184e-05 
10.0 -7.314968e-05 2.778591e-07 -2.738451e-05 9.133865e-08 
2.51189 -6.155820e-03 5.009952e-05 -6.460133e-03 1.351246e-05 
3.16228 -3.280857e-03 2.085585e-05 -2.937606e-03 7.633866e-06 
3.98107 -1.671890e-03 8.099312e-06 -1.270749e-03 3.671171e-06 
5.01187 -8.149954e-04 3.005458e-06 -5.233535e-04 1.561527e-06 
6.30957 -3.801459e-04 1.877026e-06 -2.051809e-04 8.183726e-07 
7.94328 -1.700564e-04 7.233097e-07 -7.667506e-05 2.798155e-07 
