0.199526 -3.760099e-01 2.237902e-07 -1.491085e+00 9.960265e-07 
0.251189 -3.095162e-01 1.626270e-07 -1.110263e+00 5.845886e-07 
0.501187 -1.454305e-01 4.002457e-08 -3.785693e-01 6.781700e-08 
0.630957 -1.057719e-01 1.663165e-08 -2.451654e-01 3.934378e-08 
0.794328 -7.411669e-02 8.874508e-09 -1.518151e-01 1.051910e-08 
1.0 -4.999771e-02 7.430208e-09 -8.955412e-02 3.750388e-09 
1.25893 -3.251039e-02 1.398892e-09 -5.020581e-02 2.272664e-09 
1.58489 -2.045959e-02 2.810824e-10 -2.676283e-02 2.379460e-10 
10.0 -2.364216e-04 8.277314e-15 -6.846352e-05 0.000000e+00 
3.16228 -4.492014e-03 1.244361e-13 -3.247649e-03 9.561961e-13 
5.01187 -1.509613e-03 8.059092e-15 -7.449875e-04 5.817829e-16 
6.30957 -8.409385e-04 8.771955e-15 -3.480499e-04 2.512910e-15 
7.94328 -4.532766e-04 8.568233e-15 -1.572888e-04 6.505213e-19 
