20.0 -2.491288e-05 1.905675e-15 -4.336170e-06 0.000000e+00 
20.0 -2.656127e-05 1.840212e-14 -4.529432e-06 0.000000e+00 
20.0 -2.488040e-05 1.365975e-14 -4.333725e-06 0.000000e+00 
20.0 -2.753071e-05 1.738382e-14 -4.629580e-06 0.000000e+00 
20.0 -2.752898e-05 4.131386e-15 -4.627997e-06 0.000000e+00 
20.0 -2.486977e-05 8.568260e-15 -4.329864e-06 0.000000e+00 
20.0 -2.655281e-05 1.403798e-14 -4.527478e-06 0.000000e+00 
20.0 -2.868073e-05 1.729654e-14 -4.732573e-06 0.000000e+00 
20.0 -2.754085e-05 2.554476e-14 -4.630077e-06 0.000000e+00 
20.0 -2.866239e-05 1.265600e-14 -4.731977e-06 0.000000e+00 
20.0 -2.658595e-05 1.848940e-14 -4.530777e-06 0.000000e+00 
20.0 -1.731423e-05 1.400888e-14 -2.887365e-06 0.000000e+00 
20.0 -1.641094e-05 1.523085e-14 -2.790888e-06 0.000000e+00 
20.0 -1.643461e-05 1.979864e-14 -2.791977e-06 0.000000e+00 
20.0 -2.866958e-05 1.307787e-14 -4.732941e-06 0.000000e+00 
20.0 -1.788191e-05 1.720926e-14 -2.942829e-06 0.000000e+00 
20.0 -1.861997e-05 8.902845e-15 -3.008069e-06 0.000000e+00 
20.0 -1.789637e-05 2.032234e-14 -2.943638e-06 0.000000e+00 
20.0 -1.641044e-05 7.055358e-15 -2.789523e-06 0.000000e+00 
20.0 -1.730556e-05 1.316515e-14 -2.886380e-06 0.000000e+00 
20.0 -1.733578e-05 9.135599e-15 -2.888009e-06 0.000000e+00 
20.0 -1.860946e-05 3.540772e-14 -3.008441e-06 0.000000e+00 
20.0 -4.811247e-06 2.550154e-08 -1.010369e-06 3.976402e-09 
20.0 -4.867225e-06 2.431294e-08 -1.016870e-06 3.873703e-09 
20.0 -1.788974e-05 3.574230e-14 -2.943929e-06 0.000000e+00 
20.0 -4.813310e-06 2.548232e-08 -1.010711e-06 3.977044e-09 
20.0 -4.677022e-06 2.662033e-08 -9.918902e-07 4.050344e-09 
20.0 -4.916350e-06 2.299000e-08 -1.021945e-06 3.752039e-09 
20.0 -4.683454e-06 2.662988e-08 -9.930339e-07 4.053501e-09 
20.0 -4.681117e-06 2.662150e-08 -9.926280e-07 4.052623e-09 
20.0 -4.868884e-06 2.430848e-08 -1.017172e-06 3.874096e-09 
20.0 -1.863552e-05 3.609143e-14 -3.008657e-06 0.000000e+00 
20.0 -4.814548e-06 2.549167e-08 -1.010915e-06 3.976857e-09 
20.0 -4.916952e-06 2.298986e-08 -1.022028e-06 3.752190e-09 
20.0 -4.869157e-06 2.430531e-08 -1.017179e-06 3.873528e-09 
20.0 -2.753170e-06 1.225960e-08 -5.718739e-07 1.858685e-09 
20.0 -2.783366e-06 1.286237e-08 -5.751957e-07 1.809781e-09 
20.0 -2.681871e-06 1.125747e-08 -5.622887e-07 1.869009e-09 
20.0 -2.813065e-06 1.324823e-08 -5.780889e-07 1.734917e-09 
20.0 -2.788489e-06 1.281656e-08 -5.761646e-07 1.816704e-09 
20.0 -2.751685e-06 1.225065e-08 -5.716246e-07 1.857832e-09 
20.0 -2.687197e-06 1.120976e-08 -5.634286e-07 1.877870e-09 
20.0 -4.917245e-06 2.299897e-08 -1.022056e-06 3.751932e-09 
20.0 -2.682309e-06 1.121501e-08 -5.624271e-07 1.873205e-09 
20.0 -2.750585e-06 1.226560e-08 -5.713177e-07 1.853457e-09 
20.0 -2.818319e-06 1.323305e-08 -5.790992e-07 1.743532e-09 
20.0 -2.785851e-06 1.286757e-08 -5.755890e-07 1.813088e-09 
