0.630957 -3.946995e-02 2.886468e-04 -9.239945e-02 5.323242e-04 
1.58489 -7.524603e-03 4.765139e-05 -1.016379e-02 3.440933e-05 
10.0 -3.752479e-05 2.142956e-07 -1.359726e-05 3.553962e-08 
2.51189 -2.589849e-03 1.064792e-05 -2.571462e-03 7.399073e-06 
3.16228 -1.428256e-03 5.419417e-06 -1.210265e-03 3.041625e-06 
3.98107 -7.703785e-04 5.488214e-06 -5.541707e-04 1.557287e-06 
5.0 -3.832775e-04 2.356460e-06 -2.350386e-04 5.273783e-07 
5.01187 -3.889017e-04 2.202682e-06 -2.385078e-04 4.454352e-07 
6.30957 -1.835641e-04 9.207406e-07 -9.494580e-05 1.502599e-07 
7.94328 -8.474895e-05 3.622527e-07 -3.681504e-05 5.700779e-08 
