0.630957 1.000000e-03 -9.23069732e-02 -1.44083083e-01 
0.630957 8.850000e-02 -9.07801374e-02 -1.43278086e-01 
0.794328 1.000000e-03 -8.87962179e-02 -1.35911848e-01 
0.794328 8.850000e-02 -8.73082880e-02 -1.35139918e-01 
0.794328 1.760000e-01 -8.26700274e-02 -1.32902639e-01 
0.794328 3.510000e-01 -6.70067594e-02 -1.22614045e-01 
0.794328 5.260000e-01 -5.03504094e-02 -1.06642313e-01 
1 1.000000e-03 -8.54547782e-02 -1.28301418e-01 
1 8.850000e-02 -8.39988452e-02 -1.27555452e-01 
1 1.760000e-01 -7.94705039e-02 -1.25392904e-01 
1 3.510000e-01 -6.42135566e-02 -1.15457742e-01 
1 5.260000e-01 -4.80445956e-02 -1.00080361e-01 
1 8.760000e-01 -2.47081752e-02 -6.70255537e-02 
1 1.226000e+00 -1.22104850e-02 -4.11129876e-02 
1.25893 1.000000e-03 -8.49484057e-02 -1.25861083e-01 
1.25893 8.850000e-02 -8.34994001e-02 -1.25129684e-01 
1.25893 1.760000e-01 -7.89839189e-02 -1.23001255e-01 
1.25893 3.510000e-01 -6.37438519e-02 -1.13159773e-01 
1.25893 5.260000e-01 -4.75829872e-02 -9.78906217e-02 
1.25893 8.760000e-01 -2.42935175e-02 -6.51145483e-02 
1.25893 1.226000e+00 -1.18883754e-02 -3.95695852e-02 
1.25893 7.010000e-01 -3.42934894e-02 -8.10529653e-02 
1.25893 1.226000e+00 -1.18883754e-02 -3.95695852e-02 
2.51189 1.000000e-03 -4.59925108e-02 -5.33959098e-02 
3.16228 1.000000e-03 -4.46738453e-02 -5.03988270e-02 
3.16228 8.850000e-02 -4.37366294e-02 -5.00503546e-02 
3.16228 1.760000e-01 -4.07125315e-02 -4.89242275e-02 
3.16228 3.510000e-01 -3.06868668e-02 -4.33535535e-02 
3.98107 1.000000e-03 -4.12932156e-02 -4.37392929e-02 
3.98107 8.850000e-02 -4.04150614e-02 -4.34581084e-02 
3.98107 1.760000e-01 -3.75419175e-02 -4.25186309e-02 
3.98107 3.510000e-01 -2.80069539e-02 -3.76188639e-02 
5.01187 1.000000e-03 -3.43142003e-02 -3.21615236e-02 
5.01187 8.850000e-02 -3.36140177e-02 -3.20699204e-02 
5.01187 1.760000e-01 -3.11644000e-02 -3.15787790e-02 
5.01187 3.510000e-01 -2.28730024e-02 -2.80731960e-02 
5.01187 5.260000e-01 -1.49514415e-02 -2.24508223e-02 
5.01187 8.760000e-01 -5.75636282e-03 -1.21463137e-02 
