18.24147518
16.98234432
17.38139374
16.87963646
18.34558629
18.08738974
18.74300328
17.57375236
16.61959195
17.26092055
16.32906471
17.50293015
18.55205581
16.09513089
17.28584885
17.55489437
14.10209745
18.87244606
15.20516303
16.50058260
15.46864378
17.15312296
17.65836408
16.71696351
17.70800184
19.73719786
14.53468511
15.07938538
17.48778429
17.99375293
17.99651390
15.52208360
27.84727012
18.78007797
17.18206363
15.61781448
15.48148616
14.72486664
13.34049026
14.03381743
17.86999419
12.97165012
15.50393473
14.94146969
15.72981702
14.23069422
11.27351299
15.57214981
14.28876471
14.72036707
15.69081263
15.38813609
14.39039962
14.96694158
18.05164478
13.79457696
15.08487578
15.12872726
14.18990348
14.92039489
21.43314706
14.66852272
15.11010593
18.72090015
14.96140790
15.09036419
16.85508996
17.35755682
15.28663440
17.34323895
17.26475802
18.04155007
17.33655323
17.31169794
22.34411816
19.94918957
17.48399577
16.27318658
19.14082118
17.89592496
