19.10444657
13.11765322
12.40250684
12.00626191
13.58285196
18.72090015
0.25738212
18.33294350
16.38980539
13.54377859
14.16420346
17.37567586
14.08094253
19.42339901
15.82219795
11.38024858
12.74106470
14.79555449
13.05944786
11.66625434
16.88061758
6.42424938
248.06128659
11.37005709
15.01113758
12.24257185
11.91904317
16.72092581
14.38349278
14.71811676
11.34964667
12.89995470
18.95650302
17.01352249
16.55769382
15.00672384
17.98915035
3.47227459
29.86963540
13.73441715
15.52208360
111.47691605
10.83911849
21.69503768
11.82137876
12.61041046
17.02325396
140.04827689
12.40117145
14.45585001
