15.66123121
15.83370767
12.19241661
11.81437184
17.83567071
16.68423859
14.13494218
12.11064227
16.81771067
12.02280327
17.13573510
11.73701960
12.07091942
14.07153014
13.41230038
19.35592234
15.29205039
16.86098438
19.84097285
14.16069530
13.75730887
86.81430491
11.07939580
15.18009088
19.55850073
11.62501311
10.88638121
272.93701804
13.58529032
11.60647809
14.53354562
12.81235663
11.32481312
13.61694919
0.36399328
17.48304852
15.49004183
15.80229778
0.18199664
10.53067221
11.47012075
17.02811760
30.63658156
10.26951419
13.89982582
12.82785858
1.86491061
14.56428039
15.24866860
11.01042068
109.26742388
11.91626387
