0.44579890
19.63034352
15.42790572
17.19073633
17.61234811
14.14197041
16.05804528
18.94514214
17.41185737
13.37520535
12.53532822
16.57668716
11.15388498
10.85133503
15.02437103
15.35905001
15.48041637
19.28219829
13.88790589
17.39948795
11.98002472
15.16808519
13.64974799
15.23562997
21.46943324
20.83762181
15.72455181
13.95096546
15.71401610
15.13748231
19.13130118
18.12854634
11.72996229
15.92444599
14.23883835
14.50274572
17.14926052
15.28988422
25.04818637
11.27351299
185.58392890
16.46642195
18.46705475
15.26820566
15.00672384
13.09111331
11.21755007
17.38615720
101.38340045
138.79937674
16.23242713
103.06812138
11.73701960
131.75123801
