18.57614303
15.47506630
13.34297290
13.64489388
16.44327303
17.05824127
18.49393940
14.82798008
13.27952049
11.13159056
13.92720294
12.27904233
19.47534129
10.96067114
13.18690937
15.58065570
12.81752603
18.43563978
14.54607504
14.27600947
136.73883671
18.32481139
14.08564637
13.17308727
12.35568205
14.07506052
11.07341502
11.93292998
29.56535274
23.07700170
17.28393257
13.88432792
14.68544860
13.47021054
15.95665335
14.30729749
16.96868586
13.25080528
19.65984954
15.46114747
13.36653503
15.25084062
11.99798268
14.92594377
16.09718869
0.18199664
16.61560548
16.11364168
17.55583775
16.07556859
26.79433130
16.44025120
13.23079272
15.58278145
106.19827532
134.64922726
121.12173781
167.58343098
8.31427901
