17.19266301
20.31770579
15.63265326
15.65276911
16.09307282
10.04120177
19.47364046
19.13303244
161.45512666
15.30720497
13.55600112
13.22578485
17.55300746
13.31315061
19.66321884
18.42665423
16.55869401
18.33655662
15.92340596
14.32811821
16.13418432
16.43924380
16.14444584
17.59635527
22.08092562
12.07914866
13.18942093
17.12896839
0.36399328
16.64548074
15.26169608
5.53820291
12.56040551
15.09036419
13.48372806
15.46650235
14.12673816
13.43080947
13.88074902
23.98906264
11.60219658
13.43080947
11.75534880
14.68883143
81.99266760
12.88967994
15.74770557
191.71996318
150.52673519
19.27017001
21.67136022
13.85686609
