16.81672588
18.64644173
15.14076415
18.42935036
19.03322913
17.77148497
12.10106593
9.92006906
11.09134769
10.11351250
10.48970280
18.70408431
17.88481637
16.67530246
16.69713788
13.43327543
15.55299456
11.26028375
12.59201069
14.15016560
17.86535973
13.31315061
20.07415513
17.23691704
11.02545198
15.91716434
12.75665328
11.27791928
12.28578424
16.85705500
14.03971672
15.61251150
7.36130851
15.99190297
16.15470084
15.75506554
9.61142158
13.94265318
13.05817964
50.20238015
107.30411378
14.59948867
13.49845902
11.72290073
11.98417126
14.71924196
13.41353511
11.63355777
15.63477194
13.01116877
18.32752249
13.48249976
13.71511028
15.88070601
14.44553546
18.02501925
214.17354989
11.17613492
17.13186873
14.09739910
20.01632108
0.18199664
12.25744329
116.66424692
107.38788806
79.12166556
