0.25738212
18.56365727
16.53066573
12.60909708
14.61989328
15.52635084
16.50359338
12.66806434
140.24526919
19.48979235
16.88846447
0.36399328
15.29638180
16.57069162
13.75490101
18.04522152
11.98693482
13.59016571
18.12032250
14.90151323
15.66017370
18.57257653
15.25626931
12.63402794
12.76314291
15.38598345
13.52787280
15.60720672
0.18199664
15.11339372
11.59505720
12.24527709
12.50622855
13.72356038
13.52052535
10.21129285
10.24529551
241.63774132
13.10502187
9.06153210
14.37888638
14.30613989
16.68523119
16.50560027
12.02004796
10.96067114
9.58208420
14.83802878
0.72798656
0.87282522
23.99182397
128.36570199
