-1.772759145376799905e-01
1.937130949040298811e-01
-5.038720116238510488e-02
-8.906000245749873256e-02
4.204088658431417991e-01
2.829343469240603315e-01
5.649198281707057401e-01
2.487231527000768883e-01
-2.402846277186745372e-01
-3.444745439108088531e-02
-1.233319618192952744e-01
-3.206643339191637965e-02
-1.922140300516616551e-01
-4.272404381616021762e-01
-2.912718944631745854e-01
7.556276095387216840e-02
2.963882946488223258e-01
-1.113664408704117745e-02
-1.338448625122705682e-01
-4.358797425213782883e-01
-1.555840170074205830e-01
3.920283785421333489e-01
2.199969075608047553e-01
5.528942952394455546e-01
3.913907711286914726e-01
3.203000088647686150e-01
6.696466435628224412e-01
2.315464798529543733e-01
2.831144696092919855e-01
2.209054283634589444e-01
5.045642014990955881e-02
2.107781916421879176e-01
-1.694459645287872684e-02
-1.297976574894256219e-01
-2.168088072130072708e-01
-2.168916467872029630e-01
-3.349358052200054336e-01
-2.835193568512394680e-01
-1.720642939548336359e-01
-3.811755642624814477e-01
-1.988515109141628656e-01
-5.948340334992739953e-01
-6.656954505781869091e-01
-1.842139351154442051e-01
-2.571279610796304849e-01
1.227133313757378108e-01
-2.290780193076815408e-01
-7.056922496771081965e-01
-3.708959825312515557e-01
-2.640849588913116164e-01
2.513500875016156932e-01
4.322990464018439116e-01
2.899495320115469399e-01
4.373219673364338034e-01
5.897488656663738560e-01
6.611710581082249627e-01
3.539217632389468071e-01
1.062800648104599843e-01
-3.169693315599306782e-01
-2.884745971618444260e-01
-1.085995904801571460e-01
-4.803348255263892863e-01
-2.679478208533614958e-01
-4.768168873176553690e-01
-4.641537657539028250e-01
-4.572322995203949997e-02
-3.681177369991153747e-01
-5.062198929756610288e-02
6.626400711149074696e-02
-3.674052263429763380e-03
1.985283113206168237e-01
-1.544174236536274836e-01
-1.912316412175749103e-01
-4.961594112434901394e-02
1.017752361962371982e-01
9.053987496643925437e-02
-1.035005442367033235e-01
-3.495779368223593253e-01
-6.256822059496828237e-01
-2.858268312804499445e-01
-2.731200615803966447e-01
-2.600743591277236352e-02
3.509216306562451537e-01
-6.056571353693112301e-03
1.489572840692566513e-01
-2.221839527824977512e-01
-4.362150061086862429e-01
7.640481175229449362e-02
-5.862768080227265775e-03
1.719017760653607230e-01
-4.680421327263625114e-02
-3.742198098053537980e-01
-5.373923849999447805e-02
1.850283839134095054e-01
2.713717643157723680e-01
-8.368626594774626615e-02
-4.187020779819339844e-01
-5.768848770145622584e-01
-1.776960047997690195e-01
2.292891015554669731e-01
-5.843248213831108567e-02
-5.195856161375951229e-03
-2.814945008942881799e-01
-3.226755449357697481e-02
6.548697560944003460e-01
4.254999545870655764e-01
5.223410484827197831e-01
1.124214672564244066e-01
-2.915766109496908398e-01
1.042275875211649133e-02
-5.236826578138938787e-02
2.525642988806676148e-01
3.551791032866855047e-01
8.527336090772599797e-02
-1.845216732397213233e-01
-4.028602533387833917e-01
-2.912824274052751572e-01
-7.053386891372270817e-02
3.362223627744915788e-01
1.082040718622870185e-01
-3.153654879025858532e-02
7.987852257529468036e-02
-1.096876523393377073e-01
3.421357332825479824e-01
7.236126425598278511e-02
-2.526324630286239659e-01
-2.670288720450917155e-02
-2.770487308862483733e-01
1.023037796918527531e-01
1.255249024019833015e-01
-9.231446158494005516e-02
1.851979242140924242e-01
1.707292160330007025e-01
2.567166025855550648e-01
1.440357819327131583e-01
-2.548304085325010793e-02
-1.086298953933641787e-01
8.975867997094554712e-03
6.041118942999815916e-02
-2.168782444862866754e-01
8.191452020620364205e-02
1.887556337780754712e-01
6.116396351641693041e-01
1.000000000000000000e+00
3.652291945679422835e-01
3.030707997737148718e-01
6.324068507419615404e-02
9.976026050616071394e-02
6.417433624666772918e-01
2.998443952982256522e-01
1.583297235212758891e-01
-1.207331434589015012e-01
-4.162426326899549833e-01
-2.806315268826261589e-01
-2.557979299977883869e-01
-1.426236131009372687e-01
-1.007677336651638944e-01
3.828255612749292131e-02
-8.709124298310387535e-02
5.788016293804932461e-02
3.671160478758109247e-01
2.736017689534983033e-01
5.765538595031357572e-01
1.422783902723039340e-01
-1.562539827796762815e-01
9.566042119721905601e-02
-2.097688609128464665e-01
2.797197219865445172e-02
-2.309313152869324481e-01
-5.593347887842344823e-01
-1.191796073070604256e-01
1.936995343053189017e-02
2.652397631967437497e-01
9.443007748989636074e-02
-3.109922978472695609e-01
-3.627855531209396855e-01
-7.463567275207318163e-02
2.831291630290431183e-01
2.861827510953070530e-01
4.566656645661505975e-01
2.859183436084020147e-01
4.557790791190923230e-01
7.072338003344968982e-01
2.206312505436967830e-01
3.331319966872571259e-01
8.555602231762886312e-02
3.156678611012040531e-02
4.023733257775108374e-01
-6.734942311392572156e-02
-8.428353565277836579e-02
-2.229504222945166425e-01
-4.042416160550810211e-01
-1.521666625267859840e-01
-2.462768656112061527e-01
-2.348920306063291830e-01
-2.878591133096802257e-01
-3.660288815911466043e-01
-5.668885617366354879e-01
-5.193402372569256853e-01
-2.712165200303938151e-01
-2.467788675201834092e-01
9.278644483157515166e-02
-3.249556300604253822e-01
-5.806272316023063373e-01
-3.015635972382357255e-01
-3.803668459666339485e-01
2.642754771540993808e-01
3.247995251425662144e-01
1.987864852349457145e-01
6.269008951946660746e-01
5.257936030692778040e-01
6.671998826370436619e-01
4.364309640972806048e-01
-6.139629568894917899e-02
-1.706790066071916523e-01
-2.006153806242458870e-01
-1.817637583313112537e-01
-3.769525191869187442e-01
-3.965232578053791701e-01
-5.446548700370185125e-01
-3.212799290587357581e-01
-6.053299872928792624e-02
-3.731085589643039491e-01
-5.434009847451625602e-02
-1.025273322315478353e-01
2.334499067547356199e-02
3.672093644237525711e-01
-2.051413847887008368e-01
-1.453929703329524814e-01
-1.252473811950145233e-01
-7.462315726729762400e-02
3.046695558097277656e-01
-6.450548014541476749e-02
-3.568308256758274677e-01
-5.477330161753584115e-01
-5.158815127605451689e-01
-2.438496713682086758e-01
8.387643182753558302e-02
2.712942991593660924e-01
7.067500898212143723e-02
9.626133207954473692e-02
-3.137308900916762067e-01
-3.095270475885658068e-01
9.632864798191237421e-02
-6.708088648056835523e-02
2.301940321763206732e-01
-1.431074425991260834e-01
-4.109093961804985984e-01
1.025821731337582116e-01
8.790348038261038000e-02
3.082260195104711276e-01
-2.419341359052244386e-02
-5.828440547684706763e-01
-4.311851235634499568e-01
-1.728808883412173703e-01
1.427102396860389644e-01
5.742079100424944682e-02
-1.510828368751722384e-01
-3.082542985608109354e-01
7.588811308132684119e-02
5.747944257725400297e-01
4.566311961334155178e-01
5.361848677263727492e-01
7.352866975608076533e-03
-1.942362977535345980e-01
1.119102564452664206e-01
-1.459768046214263426e-01
2.828911485068780762e-01
2.703279639298834525e-01
3.894672011961979648e-03
6.370910032902539488e-02
-4.214550248151192058e-01
-3.330577232302368018e-01
-6.019809951183702212e-02
1.057272661045348949e-01
2.354893344015398793e-01
9.701111012960816904e-02
9.938203265612525084e-04
-4.690101455304186706e-02
2.140299521901861957e-01
1.463001291441815357e-02
-7.367857378670759905e-02
-1.567639084509039535e-02
-3.107155184381140134e-01
1.095131757238700931e-01
-1.775451149291307207e-02
-7.834746507773208968e-02
3.389029201606378328e-01
8.271831409533036972e-02
3.008491261317234322e-01
1.313461821238880167e-01
-1.842513565315075930e-01
7.983542611108762621e-02
1.870391445898652791e-02
2.127439428030419508e-02
-1.234848974953739326e-01
-1.383483382613300838e-01
1.727312827661967864e-01
7.124227894182344478e-01
9.454442134655068886e-01
4.703822994561664972e-01
2.789615603402436084e-01
-7.006516442859997418e-02
1.860329539389385944e-01
6.965055400782503847e-01
2.725904460738551305e-01
2.481640274555820258e-01
-2.086936348160464416e-01
-4.722200300258080352e-01
-8.686773202214904954e-02
-3.227469521297198218e-01
-1.432861929628474473e-01
-8.936866002310768498e-02
-1.726010272854989758e-01
6.010027335360464129e-02
1.130585981647210525e-01
2.705952547655589013e-01
3.508365401102996883e-01
4.316651362865035479e-01
1.408485330585455830e-01
2.521754685279657335e-02
6.640745683296239710e-02
-2.007674772552921760e-01
3.518976659001656765e-02
-3.504827670538198103e-01
-4.939578009387214363e-01
-2.453171723440738042e-02
-9.297938628657193005e-02
3.152746029485578028e-01
6.213119237023551761e-02
-4.122516093399027359e-01
-1.688819562382078976e-01
-1.367173272724733213e-01
2.262034379210504931e-01
3.469978033910660620e-01
2.475049220423323759e-01
3.623484996784049894e-01
5.595038007504354871e-01
6.385288193883726926e-01
3.254957576472231051e-01
2.515737638895447770e-01
-1.202120203064873348e-02
1.658723754368509606e-01
4.340150906009380694e-01
-6.829655467203872565e-02
-2.621124793100551228e-02
-3.536302306677732155e-01
-4.204335131355032562e-01
2.129417502379511717e-02
-3.162980127254488849e-01
-1.982509026827714849e-01
-2.964572892024071038e-01
-5.379551081781461797e-01
-3.721234689090278103e-01
-4.943349909634068284e-01
-3.565748803325563543e-01
-1.826197219411782036e-01
-8.936232971560775784e-02
-2.767144448872679297e-01
-4.074592581936034574e-01
-3.737176065860811081e-01
-3.805837838083356295e-01
1.842213153340379883e-01
1.777293467506412539e-01
2.966553243291110697e-01
6.965399377611889431e-01
4.496844093630418815e-01
7.315499630666736364e-01
3.741453513119455954e-01
-1.070766711354725481e-01
4.663341948431115602e-02
-2.515288870655849607e-01
-1.743929615846275816e-01
-3.202091033953725630e-01
-5.972937893047333135e-01
-4.243442062431955208e-01
-2.557165854307179020e-01
-1.400383129844738894e-01
-2.770435957103846158e-01
-2.054797658580595487e-01
-1.851995640621924011e-01
1.616346546507308468e-01
3.682735758877274113e-01
-1.702661500567610731e-01
-1.262670011662660463e-01
-2.958454885158816605e-01
-6.402423837561288522e-02
4.533248980077199675e-01
-9.926990517508224587e-02
-2.673037950771798288e-01
-5.926841353612161134e-01
-6.938841141035890780e-01
-8.167979180660756011e-02
5.000293116672608479e-02
2.288720164083335451e-01
1.611966682795221706e-01
-8.390192135413797325e-02
-2.297954533900956053e-01
-1.876505123418130694e-01
-1.884507963266838365e-03
-1.242685966324541362e-02
1.621780636125391140e-01
-2.251947981168441471e-01
-2.749321818596667244e-01
1.119687611967456475e-01
1.968877698433212087e-02
3.668113532693099144e-01
-1.006137317544484877e-01
-5.830506389304156434e-01
-2.644266916686402458e-01
-2.881891790194117675e-01
1.475849825586930120e-01
8.381952927124158848e-02
-3.202243950581916132e-01
-1.538285358539235592e-01
7.283705279971984525e-02
4.713246188968104322e-01
5.544168387944996557e-01
3.967349859256803501e-01
3.367551820820019470e-02
-2.746856327591639529e-02
6.016063137247567444e-02
-1.301866410392827078e-01
2.393363143853968478e-01
1.250606829211830806e-01
1.115032389677152735e-01
2.070369522775258042e-01
-4.651198232745138994e-01
-2.951827014430117857e-01
-1.909047050417296276e-01
-2.926705879592417583e-02
4.484868080625642461e-01
8.308300595926987331e-02
-2.622129003291974285e-03
-1.045290235083165542e-02
-9.694125078678703794e-03
1.398330986423597933e-01
4.860328064479970539e-02
-8.297880033740409611e-02
-2.336548022414967618e-01
-2.882091358273016976e-02
-9.777911417002985162e-02
6.952950187140612137e-02
3.303287126965555043e-01
6.422565083853816470e-02
3.301583614360355523e-01
6.669187072585200035e-03
-1.574250661049512445e-01
2.312397329030345672e-01
-6.159821267125307337e-02
7.844505890908229362e-02
-1.450243556514394794e-01
-3.269441692686618217e-01
3.077967028236913150e-01
6.720536756105127685e-01
9.063492471608919354e-01
6.077501829418748835e-01
1.221928126196190623e-01
-3.466824780918741772e-02
2.869203978457608994e-01
6.135976684408958048e-01
3.600945952127665439e-01
2.289036435519593293e-01
-3.025798808772768300e-01
-3.474324846546383849e-01
-3.183329128732156205e-02
-3.755071779139502741e-01
-9.913589377929228619e-02
-2.176984490172276798e-01
-2.410479519854666908e-01
2.456899026185537238e-01
3.939157885923860042e-02
2.668320453756439781e-01
3.566527294343641019e-01
2.353134958378633179e-01
3.204965971295420379e-01
1.103832425227748715e-01
7.558985911853562762e-04
-1.068925033334473251e-01
-1.125184165840438510e-01
-3.579775123070171317e-01
-3.360012549476573129e-01
-8.782343518880809941e-02
-1.080518734722643454e-01
3.047289100071712831e-01
-4.857515737682831236e-02
-3.166531584579637126e-01
-5.633342052375066300e-02
-2.461944292054487338e-01
2.510325147477115437e-01
2.686122285835469969e-01
1.179835802691683588e-01
5.501089163750791933e-01
5.169123456447410891e-01
6.250894489328555625e-01
4.209939859236738746e-01
6.365003389636045283e-02
7.552636465903857232e-02
2.625532099574391931e-01
3.633284962052391598e-01
4.440815546364197675e-02
-1.025709414976993666e-01
-4.391928240052279109e-01
-2.862582489761231197e-01
3.421241578153892682e-02
-3.322129810521901594e-01
-1.555749772658185925e-01
-4.284620355711311612e-01
-5.361875727162691563e-01
-1.920908979203703182e-01
-5.702308634741908300e-01
-3.406771833982830122e-01
-2.250097403587273948e-01
-2.725806864968541854e-01
-6.800119566036127994e-02
-3.591486805171292263e-01
-4.361288576776220505e-01
-3.272361204289216952e-01
-4.332629421931699643e-02
1.782671947533321366e-01
4.320921099303474122e-01
6.227169949478585931e-01
4.878162465797230007e-01
6.976833507639170762e-01
2.792740338299380398e-01
3.584864983177907249e-02
1.410839343833019677e-01
-3.072440091388187189e-01
-1.100150642511190241e-01
-4.058073858596457084e-01
-6.699192355962712009e-01
-2.405712761298781088e-01
-3.290737925879362313e-01
-1.371841812265398308e-01
-2.320122134885649057e-01
-4.220701716623240229e-01
-8.076926590392867478e-02
2.146613246282395304e-01
3.069070447636449428e-01
-3.797607710399620445e-02
-2.529958196334242126e-01
-3.707012084727622780e-01
5.355067449303725635e-02
4.320356844208623759e-01
-4.917519731736206406e-02
-2.117199334758406160e-01
-7.250407733891236495e-01
-6.773326962315885380e-01
1.371520540893028661e-02
-5.332734855069318908e-02
2.757849403017044732e-01
1.198445030809339590e-01
-2.080410524500590219e-01
-1.534635930812401107e-02
-2.057938903699523814e-01
-5.540953937645780314e-02
5.008642537058239502e-02
-3.214804694201785218e-02
-1.306786744887424856e-01
-1.493040329474886463e-01
8.930319735363879963e-03
6.659879309641961176e-02
2.933323387856693887e-01
-1.586417182500265699e-01
-4.138270269595598627e-01
-2.438991839779530713e-01
-3.658968560947710724e-01
1.703636050850112216e-01
-2.562713574515296591e-02
-3.241065291703584261e-01
1.446120753712548668e-02
-4.511619038881525129e-02
4.617226596148384932e-01
5.566387627262215920e-01
2.358675439733781964e-01
2.347733947260198795e-01
2.499945032916566640e-02
-4.093356957980046236e-03
-4.573678820301437659e-02
4.540621013943887258e-02
1.120689067554421631e-01
2.756042212858920704e-01
1.957296492513200536e-01
-3.947634029551743695e-01
-3.296546752605346020e-01
-3.712814258517693755e-01
2.364500585814300129e-02
5.468383924161976939e-01
4.443342238915441722e-02
6.857569821157587231e-02
-1.135687196763163487e-01
-1.291546472897510400e-01
3.453540758371573260e-01
2.771278829308665773e-02
-7.312778499877237159e-02
-1.873514782384772259e-01
-2.547764919200490863e-01
7.758295638142804346e-03
1.543671876450664060e-01
2.454598047859767873e-01
1.512826535631759117e-01
2.115158652053557853e-01
-4.706164931538029533e-02
-3.729788949405191448e-04
2.196098910869665188e-01
-6.919671188156531483e-02
1.159140242090091755e-01
-2.717298462498143330e-01
-3.239661988635161860e-01
4.006930396664275529e-01
5.429107029058628520e-01
9.562664682191324150e-01
6.219314583863325696e-01
3.526752000593426969e-03
1.519902668303277082e-01
2.500254453665878840e-01
5.529752620845663769e-01
4.721216649775973884e-01
7.549644861957335862e-02
-2.265814691546347570e-01
-2.125943255173444180e-01
-1.063240711194275850e-01
-3.095633002434436953e-01
-1.674096474193970674e-01
-3.474860268507530825e-01
-1.338070747176906827e-01
2.882592951906802758e-01
-1.452089987633605611e-02
3.034516454484629255e-01
2.228154122358374511e-01
1.839970307388084092e-01
5.302553134919444355e-01
6.917762845555142093e-02
3.074097509791800034e-02
-8.745145616649073472e-02
-3.037369047539840716e-01
-1.844491983383650946e-01
-2.774944756187148198e-01
-1.815387297514711173e-01
-4.291348170978271509e-02
1.369167326111103700e-01
-4.459468614278779691e-02
-1.358669473349179702e-01
-9.901432847289755312e-02
-2.522239556181146702e-01
2.132788240179265549e-01
1.177997361564999956e-01
1.831058662779180835e-01
6.470883577928829844e-01
4.289626975625541738e-01
6.897838698503047095e-01
3.770774864025851492e-01
-3.610580122564654992e-02
2.705224125419654069e-01
2.134009739925286364e-01
3.511089248013294362e-01
1.413828094144694292e-01
-2.810706076661818598e-01
-3.375027183374755824e-01
-1.943094448715737277e-01
-4.915723687451052648e-02
-2.358901599741763389e-01
-2.511428254740249444e-01
-5.107327144495935611e-01
-3.894222217312847678e-01
-1.730528537836955871e-01
-5.850041869184267052e-01
-3.220130426788203049e-01
-3.880653903988331432e-01
-2.819071336306490094e-01
1.161520311293176011e-01
-4.086206647604202491e-01
-3.949675231721940794e-01
-3.797751455365583895e-01
-2.619694059344838677e-01
3.355456788924676692e-01
4.362681938392559133e-01
5.589888151790870507e-01
5.712499396522779938e-01
5.173640905294530912e-01
3.367998868877422614e-01
2.110616513928975091e-01
9.643009642337191378e-02
-2.458437615757608496e-01
-1.458425566265497964e-01
-5.154675421604552055e-01
-5.549316789898545155e-01
-1.846745615660492779e-01
-4.035906016355702008e-01
-8.225550675663019506e-02
-3.282104540590761732e-01
-5.040629597585470911e-01
8.032088085233732300e-02
1.280908118426891673e-01
3.270619396410404667e-01
3.698349927919339364e-02
-4.372067669810346668e-01
-2.554243431618279936e-01
8.264688921626470175e-02
3.516077096789998468e-01
9.087237776307051373e-02
-3.051785819871142835e-01
-7.533956774607795115e-01
-5.534286990627473868e-01
-5.510671351175296107e-02
-6.827115888349648276e-02
2.781347402093037879e-01
-1.096247725255241647e-02
-1.399041278997682491e-01
1.283511573654109450e-01
-2.835604930801116641e-01
-1.810318557100154893e-02
-2.166953378665655364e-02
-1.662854426874786073e-01
8.766432522676104178e-02
-1.638766153064742936e-01
-4.349987727723879372e-02
1.160023896977114971e-01
9.514041087866360880e-02
-4.031951161848432164e-02
-2.613531672133284078e-01
-3.284366126367900263e-01
-3.254599438348632079e-01
5.929438694339868310e-02
-1.119476180225808248e-01
-1.651054008036149101e-01
3.340266714883365073e-02
-1.187408325169779233e-01
4.668733840726400630e-01
4.241444115822870509e-01
2.396013836228543248e-01
4.387321582837444556e-01
-3.400240648131407778e-02
3.117598759317172577e-02
-5.468505745044750788e-02
-1.606966285483985846e-01
2.678405785682475559e-01
3.154033023200285002e-01
1.731897381727319774e-01
-2.583456826257636840e-01
-5.071066227230470735e-01
-4.092204474994512453e-01
1.270633757404156516e-01
4.884285517779828334e-01
1.163286245444632994e-01
6.046207121517695876e-02
-2.587483102178730898e-01
-5.882587879280948978e-02
4.325232169068238264e-01
-1.379289920162483397e-02
6.579213207468251334e-03
-2.803662583203002656e-01
-3.679232321569246289e-01
1.898377450856233439e-01
9.682492092418043539e-02
2.378818796533549162e-01
1.990836156652221189e-01
9.550769299790021552e-03
8.625774999756470607e-02
8.966793977101433777e-02
1.369763412761325627e-01
2.532990591545896883e-02
4.002475718157253413e-03
-3.186402681323247665e-01
-1.921120847928654285e-01
3.319842948887516410e-01
4.877365005091470751e-01
9.749548102354628210e-01
5.294610717445871195e-01
7.736638091473677092e-02
2.941562121854812695e-01
1.345003968171264719e-01
5.827195830409729327e-01
4.559408805481499072e-01
-3.745259176409780622e-02
-6.303391906056469637e-03
-2.157046306760713461e-01
-1.493880490790578108e-01
-2.204077503253596693e-01
-3.657632477938839721e-01
-3.060463102650098910e-01
-2.538283075081529394e-02
2.039957168522405773e-01
5.049331644844969741e-02
2.239671332997583419e-01
9.289772792214379127e-02
3.033191387559125984e-01
5.921442663598918132e-01
5.265037532402594422e-02
9.763335944758447238e-02
-2.043423891363797817e-01
-3.436493618685014795e-01
1.406244418796070289e-02
-3.412144375636131932e-01
-1.775588571354675682e-01
-5.769334077182014520e-02
-7.041605688194041424e-02
1.357432002231403201e-01
-6.025757583701081554e-02
-1.655697888112638017e-01
-1.786943204742576508e-01
2.190488767722253288e-02
8.802701389254294351e-02
3.252331124072648794e-01
5.865268799825634760e-01
4.435636475387181865e-01
6.854363439840945871e-01
2.671309007394820911e-01
6.081807540117232375e-02
3.712890350858680244e-01
1.249008219238987583e-01
4.136937306012490878e-01
9.678509479142619054e-02
-3.656040950974096537e-01
-1.334927553276412382e-01
-2.465054744613651427e-01
-6.905863196073906696e-02
-1.605113943226211815e-01
-4.453299420299072775e-01
-4.064673269595502347e-01
-2.918959448798229550e-01
-2.446038692331332365e-01
-4.869517058142556754e-01
-4.418387656626001636e-01
-4.950475137120145530e-01
-1.534612539286322741e-01
1.347927677414431646e-01
-3.938168838777582614e-01
-3.542120478739868572e-01
-5.453208771929152210e-01
-3.003778738266094095e-01
4.619651786116195091e-01
3.435621463399110564e-01
5.936130963289104612e-01
5.414864062942902345e-01
3.513690719804264395e-01
5.479743065256880152e-01
2.537970496321650393e-01
6.832014303801937916e-02
-1.423764569880364983e-01
-3.234990257762420107e-01
-4.664839792629396631e-01
-4.130245721020662786e-01
-2.653852874147309970e-01
-3.619329587546323279e-01
-1.329930669035856439e-01
-4.417406516668824223e-01
-3.994141839112005932e-01
1.096339596128011046e-01
4.348342966605535376e-02
3.918836965454606247e-01
-3.012770133326373237e-02
-4.799035397311871010e-01
-8.631541841309323115e-02
-2.353606825401571845e-02
3.532351305961810572e-01
1.642168306255562260e-01
-4.531270232112685759e-01
-5.907939767893810590e-01
-5.169536457517440731e-01
-1.719802097973537891e-01
4.293121777488723145e-03
1.261216964737936208e-01
-3.890620847161451595e-02
2.581843440074952159e-02
1.099437617099946474e-01
-2.650361542997035080e-01
-2.689724900747643074e-02
-1.777597872119134892e-01
-1.096727446844499160e-01
2.275967412818142577e-01
-2.325283618218597359e-01
-5.610638914170629210e-03
2.943554059050644198e-02
-3.837501736421111698e-02
1.939711228654167618e-01
-2.501067461010338944e-01
-3.554515863653287533e-01
-2.841399960887436849e-01
-1.706758399756937439e-01
-2.136221115988057653e-02
-3.192426478764231329e-02
-4.935917665488070288e-02
-7.367108511334345688e-02
3.371117239700656687e-01
3.205102105696917003e-01
3.980741116802252177e-01
4.867359521825057600e-01
-4.449520965619004759e-02
8.067832677456122925e-02
-1.892111257027296323e-01
-1.952583020366725486e-01
4.171577574906274455e-01
2.410130315819338231e-01
2.458987192350434448e-01
-2.184512565855881716e-01
-6.842367947407758111e-01
-2.754537413763281650e-01
1.041061923963778751e-01
4.201545365952331634e-01
2.442598716910299450e-01
-9.189057993359918408e-02
-2.556157941864333760e-01
5.852694975289952917e-02
3.668351982389150834e-01
5.573382969948859067e-02
5.625141469542088539e-04
-4.091935775081868010e-01
-2.900077065453440794e-01
2.516292334193269697e-01
2.425570735177454487e-02
2.938760201647815928e-01
1.041336775362349948e-01
-7.526823846448084387e-02
2.909195308038537431e-01
4.031366992905106167e-02
1.347953655973238019e-01
7.430891257682130380e-02
-1.859500372058203455e-01
-1.761862693184741147e-01
-1.287209235388601103e-01
1.998108048858648345e-01
5.298937859348529233e-01
8.369585979608729076e-01
5.169926857091432515e-01
2.730311140865445685e-01
2.781114320413123342e-01
1.023239565559425357e-01
5.789354947247086214e-01
3.357769764305247873e-01
3.947160820416629329e-02
1.603131228898774796e-01
-2.916239009774910795e-01
-9.928403166542515423e-02
-2.580737553147927077e-01
-5.155845817200784831e-01
-1.264203948385909104e-01
-5.872242551365022822e-02
1.545065006527606977e-01
1.334719391366594732e-01
1.786332881197716729e-02
1.361430484954744835e-01
4.153948844872008550e-01
5.293605338283292605e-01
1.543440045135212324e-01
4.572362774282184850e-02
-3.091026365930102937e-01
-2.143581220844611168e-01
6.342683894416017987e-02
-3.736839187043472510e-01
-1.406016097278077748e-01
-2.075947387707960667e-01
-1.242889764249745788e-01
3.315030993439345153e-01
-1.056169693890549460e-01
-1.324910971569980833e-01
-1.866617971306457069e-01
-1.991877741435512106e-01
2.339875770109206832e-01
3.565861059763986707e-01
5.038346824217094788e-01
5.300274312150070610e-01
5.263599853336626833e-01
2.840635815213277127e-01
2.305947275984720768e-01
3.182827509068982264e-01
1.421427616986056242e-01
4.017608583523446519e-01
-9.256341506427435972e-03
-2.543864880833475173e-01
-2.836642657604242571e-02
-3.312616688448145053e-01
-1.573728343773215729e-02
-2.272908750500887420e-01
-5.404742062699087191e-01
-2.075941974323168293e-01
-3.392306726202591327e-01
-2.486359940327470819e-01
-4.131180980897550259e-01
-6.532250623369391107e-01
-4.143627821629446983e-01
-8.237977662235071441e-02
6.451933164718651192e-02
-2.698303866849516286e-01
-4.524323422478919721e-01
-6.442777524270814071e-01
-2.019998500053531709e-01
4.226646900957823361e-01
3.165499702001369209e-01
6.177427428457767933e-01
3.982780185530129802e-01
3.665218790834700591e-01
7.222468555971446325e-01
2.052884607488621171e-01
1.392919686864803885e-01
-1.539095446943200829e-01
-4.778324360428312656e-01
-2.652904970701986942e-01
-4.044266923105938050e-01
-3.249945744374563850e-01
-2.850005121029258182e-01
-3.244095164179398583e-01
-3.927375239520396466e-01
-2.731639874930613665e-01
5.972531724196871415e-03
7.363958033223422239e-02
3.435495412366146861e-01
-1.101476953658029889e-01
-3.369947998089355967e-01
-4.897583328342577924e-02
-1.197599978610478094e-01
3.941263253361406149e-01
9.226154611728398791e-02
-4.579463290146665311e-01
-3.798324086858215209e-01
-6.078674268674836290e-01
-1.988664839630544801e-01
6.743248805615371586e-03
-7.859179312099651149e-02
1.160001191306675034e-01
9.498222074964306205e-02
4.971367918266432484e-02
-1.580162765847855644e-01
-1.862852377924160696e-01
-2.246807630426036206e-01
3.644487802642584068e-02
2.043600665791011073e-01
-2.017039160164712241e-01
-1.750170480720938948e-02
-1.358720588405529783e-01
1.759167105447410895e-02
3.414714963267460601e-01
-2.885334949603912125e-01
-2.920906745606898225e-01
-3.767347343152517847e-01
-3.273801581396463822e-01
1.787133121691385773e-01
-4.309675307890302454e-02
-7.198779342082098354e-02
-3.195266150331997623e-02
9.471984812194889081e-02
3.952197683982282550e-01
5.207260961457044202e-01
4.329481823672521323e-01
6.117078982687670918e-02
-3.642766319867323573e-03
-2.818165111424854596e-01
-7.524459393056848189e-02
4.068254561503566458e-01
2.137481391074051995e-01
3.225495323436893269e-01
-3.011039031861565407e-01
-6.809948357937539720e-01
-1.486282633695116817e-01
-2.726741267947894315e-02
4.438579214299865350e-01
2.660880806750582916e-01
-2.404773997644494843e-01
-8.299633291800832813e-02
4.946506306125299929e-02
2.982951339065372243e-01
1.757335567797939646e-01
-1.498276246757954955e-01
-3.854222333030700165e-01
-1.691894453556067879e-01
1.660836315478084191e-01
6.463693514792137607e-02
2.570864641939286654e-01
-2.395478623542606628e-02
2.775870071586324095e-02
3.717853781031051907e-01
-1.685655889417692413e-02
1.929466847146067421e-01
-2.029517497458334027e-02
-2.536338994514123479e-01
3.327985911435201588e-02
-1.992700387491011249e-01
1.534285035073166548e-01
5.196701010336168824e-01
6.208194019862112167e-01
6.874224348127959683e-01
3.926977839624991029e-01
2.069271146324908606e-01
1.701772782180414056e-01
4.208875179623163820e-01
3.005810092033664449e-01
2.285268028603719692e-01
1.655375466794356265e-01
-2.800202068059738369e-01
-8.412565746506438236e-02
-3.909868678273680787e-01
-4.723270453348838438e-01
-7.751284880911730492e-03
-1.623376067204112816e-01
1.950925904027231983e-01
8.698875650802125048e-02
-1.328436050243907984e-01
3.120359553310901313e-01
3.826637302633112969e-01
5.039886666452887409e-01
2.679086201854046778e-01
-1.285559720865747935e-01
-2.364150427695863310e-01
-9.690219325161705810e-02
-6.081719111473090494e-03
-2.869096441734605984e-01
-2.250566573654357860e-01
-3.392456837590217544e-01
-1.438065011315419958e-02
3.726275512182148364e-01
-1.165920271769582128e-01
-7.083481163614534226e-02
-3.249304349255885960e-01
-2.592185566863488555e-01
3.904619163171234031e-01
2.689836231662962041e-01
5.182005866971998165e-01
5.266983543603769302e-01
3.420113954196647987e-01
4.748653977502860224e-01
2.878628089378085231e-01
2.506963240191067976e-01
2.280332760593748453e-01
2.355879334815043913e-01
1.557435273412130852e-02
-7.727733641822301380e-02
-7.463295610490290610e-02
-3.067993095572839057e-01
-4.045470961406504723e-02
-3.492894376424015013e-01
-4.413975348435587032e-01
-1.143814780569080425e-01
-4.150451134077344229e-01
-1.823079120753724747e-01
-4.801806652707726331e-01
-7.572903912636800294e-01
-2.444946459983000642e-01
-1.574079136995551187e-01
6.175584429464532621e-02
-1.775547404680617170e-01
-6.360110236462560573e-01
-5.509874474949828516e-01
-1.626135112382496306e-01
3.008123601871962038e-01
3.940386767851334349e-01
4.962503908289233601e-01
3.237188289782730877e-01
5.115347975618909082e-01
7.303521766249801983e-01
2.279351574146438741e-01
1.957835319463902546e-01
-2.736033282214815343e-01
-4.465514358684357088e-01
-1.048995640627193582e-01
-4.809176257592512327e-01
-2.865736141702983630e-01
-3.280004448277384910e-01
-4.872866910266608897e-01
-1.955849792800611608e-01
-2.810123741493241734e-01
-7.116652935447582984e-02
1.321842710809449095e-01
1.539436724055522343e-01
-2.646178787257442988e-02
-1.780472950215322425e-01
-1.374791243082908732e-01
-9.788550245570369623e-02
3.171893559585399758e-01
9.809594164241082145e-03
-2.835063573319122066e-01
-3.035905907581588070e-01
-6.782806315096827632e-01
-1.846721057764918184e-01
-1.326386403797153168e-01
-1.390157383819988490e-01
3.057779900267439399e-01
3.429386208193928309e-02
8.133329771377426076e-02
-1.218184073136474171e-01
-3.879390616706405726e-01
-8.904946685489778524e-02
7.964960213777076692e-02
1.425927645179678460e-01
-8.620402980652409897e-02
-1.785332511302195890e-01
-1.857349871538724884e-01
1.555027374750919400e-01
3.242897270189687986e-01
-2.257855696293702696e-01
-2.817210670005456663e-01
-5.390685171838033307e-01
-2.918496017085459582e-01
2.857630019086991324e-01
-1.013799230202511448e-01
-8.504242323194447298e-03
-1.248071520794268308e-01
-6.594577276702708046e-02
5.739915881537092091e-01
4.955012929162376789e-01
4.383775351943887677e-01
1.560349464815120601e-01
-1.929087818242665731e-01
-1.880646601634060056e-01
7.477431285558548690e-03
2.983610784674656236e-01
2.953608233995698162e-01
2.570994979878687969e-01
-3.359432039190213826e-01
-5.225333006117264256e-01
-1.766107482139626095e-01
-1.041908782196356298e-01
4.634515947019920978e-01
1.627935682379603177e-01
-2.092692567697618800e-01
7.652110825234233193e-02
-6.104433301199094913e-02
3.237250444272973815e-01
1.851582062778678317e-01
-2.916319572251550585e-01
-1.958951193832519366e-01
-1.754377458272001755e-01
8.583932793158476071e-02
1.515910746200873627e-01
7.566427779189535685e-02
1.256375595668858536e-03
1.651943215170751100e-01
3.088510144818975012e-01
4.187647830766513118e-02
1.545275371494975181e-01
-1.427252138260846348e-01
-1.358823719101048266e-01
1.164921540256395605e-01
-2.683491981285200390e-01
1.664911854945299585e-01
3.652118924795192401e-01
5.269920202894292638e-01
9.120593064389402871e-01
3.772706875910444291e-01
2.264133198188651719e-01
1.858973406320834632e-01
1.943810337443554193e-01
4.472539947324056797e-01
3.325663927146123577e-01
1.173974336028924953e-01
-1.714546454204044501e-01
-2.204990322751948228e-01
-4.285946269556430988e-01
-3.204036159356929425e-01
-5.096398961665949551e-02
