3.008085343554171009e-01
4.355129837810142179e-01
5.610684550698061823e-01
6.748373592070993077e-01
7.744297118402714286e-01
8.577533405410210365e-01
9.230578358252405913e-01
9.689713226356048148e-01
9.945292798150964231e-01
9.991948021504045707e-01
9.828698793331525074e-01
9.458974548977518992e-01
8.890542218830360666e-01
8.135343065618011460e-01
7.209241830000304718e-01
6.131693454246869290e-01
4.925334385256547876e-01
3.615507042562997597e-01
2.229727440998317822e-01
7.971071518572900305e-02
-6.522582543677744871e-02
-2.087921436477839787e-01
-3.479722900831840882e-01
-4.798424572694104384e-01
-6.016324011002842642e-01
-7.107836363528908796e-01
-8.050031837083090336e-01
-8.823117391941733834e-01
-9.410852541362344503e-01
-9.800890521338949668e-01
-9.985037663521298956e-01
-9.959425522557533439e-01
-9.724592141919239374e-01
-9.285470751028420677e-01
-8.651286131129899415e-01
-7.835360826988657656e-01
-6.854835275392699989e-01
-5.730307729822889939e-01
-4.485401545521889854e-01
-3.146268915160668200e-01
-1.741041480306113609e-01
-2.992393598926910286e-02
1.148848989550134148e-01
2.572803054415189195e-01
3.942709318705405197e-01
5.229789668040225603e-01
6.407005941871294352e-01
7.449627933861071583e-01
8.335752908236107039e-01
9.046765718447498106e-01
9.567729862260248019e-01
9.887701258236368806e-01
9.999958151996064526e-01
9.902142322533391550e-01
9.596308622214440032e-01
9.088881809753472929e-01
8.390521582992154226e-01
7.515898646787056991e-01
6.483386520227837346e-01
5.314675557502916980e-01
4.034317290815528922e-01
2.669208667502329102e-01
1.248027016171620457e-01
-1.993723882693952676e-02
-1.642583505129353583e-01
-3.051288278582868219e-01
-4.395893539990881060e-01
-5.648152682254697909e-01
-6.781759046466596663e-01
-7.772898555370237883e-01
-8.600749984260064318e-01
-9.247922359949299898e-01
-9.700820299208433584e-01
-9.949929611878293167e-01
-9.990017168890009680e-01
-9.820240836492541980e-01
-9.444167167259751583e-01
-8.869696476235675586e-01
-8.108896876170431645e-01
-7.177750758328377279e-01
-6.095819044637342810e-01
-4.885830264355285335e-01
-3.573203087668456734e-01
-2.185512346530317784e-01
-7.519097602330804264e-02
6.974884652607006574e-02
2.132234299305815206e-01
3.522187519322432792e-01
4.838148877309503271e-01
6.052473498965939003e-01
7.139651629523792176e-01
8.076844526356092846e-01
8.844364240670441468e-01
9.426087209341685869e-01
9.809792968410634417e-01
9.987420872772732050e-01
9.955239429053457378e-01
9.713924684433866696e-01
9.268546024683920193e-01
8.628459679749453937e-01
7.807112174059280818e-01
6.821757850542587986e-01
5.693096402431492287e-01
4.444838027348505527e-01
3.103205338643894584e-01
1.696382497510813547e-01
2.539231381580961400e-02
-1.193870476029582073e-01
-2.616584023054771002e-01
-3.984330046925504965e-01
-5.268375814209937946e-01
-6.441746912918009382e-01
-7.479793913691116236e-01
-8.360710189244386914e-01
-9.065990014041428458e-01
-9.580817320737032849e-01
-9.894376946641242343e-01
-1.000008183173789922e+00
-9.895711395427295720e-01
-9.583458185062776469e-01
-9.069881816318644541e-01
-8.365771172980678294e-01
-7.485917760977996993e-01
-6.448804977889508461e-01
-5.276219825552672660e-01
-3.992795222667461230e-01
-2.625492532199725781e-01
-1.203035174316762768e-01
2.446947768470260007e-02
1.687284336686248609e-01
3.094428506647777244e-01
4.436566902252306877e-01
5.685504738739599606e-01
6.815005129069011680e-01
7.801340251656554425e-01
8.623789809270719919e-01
9.265076307780566456e-01
9.711728010698794655e-01
9.954361944803146178e-01
9.987881011634920370e-01
9.811581064082491865e-01
9.429165698653287908e-01
8.848668452687858954e-01
8.082284040946947634e-01
7.146112176845599295e-01
6.059819359973754871e-01
4.846225734854932576e-01
3.530825699949478036e-01
2.141252337642263470e-01
7.066969161265979071e-02
-7.427043420822877773e-02
-2.176503342629739213e-01
-3.564579753408466112e-01
-4.877773753225033704e-01
-6.088498602668404036e-01
-7.171320168682252527e-01
-8.103491228560367743e-01
-8.865429329048296614e-01
-9.441128161993171952e-01
-9.818493814625172122e-01
-9.989598830739542246e-01
-9.950848745624956138e-01
-9.703057596278520380e-01
-9.251430820637290831e-01
-8.605455905068417621e-01
-7.778703077325308524e-01
-6.788540231884701015e-01
-5.655768076330937033e-01
-4.404183163398570078e-01
-3.060077988216913236e-01
-1.651688652393054624e-01
-2.086016980542534927e-02
1.238867427301000718e-01
2.660311218328895166e-01
4.025868893259280656e-01
5.306853690094730513e-01
6.476355499754011813e-01
7.509806176427511470e-01
8.385495649466437884e-01
9.085027994657689510e-01
9.593707884030563404e-01
9.900849295905338465e-01
1.000000000000000000e+00
9.889077101756197363e-01
9.570410798455525336e-01
9.050695427925810055e-01
8.340848838174813595e-01
7.455783032224215789e-01
6.414090906290333960e-01
5.237655662115323629e-01
3.951191098665439161e-01
2.581722440453090295e-01
1.158018608910407893e-01
-2.900121367072225342e-02
-1.731950492896821570e-01
-3.137505141174949941e-01
-4.477149088716904646e-01
-5.722739952531514795e-01
-6.848111156638698738e-01
-7.829621622756902655e-01
-8.646652406951186309e-01
-9.282039849215774074e-01
-9.722436136662980788e-01
-9.958589705836731198e-01
-9.985539593638905753e-01
-9.802719654068166033e-01
-9.413970451453027577e-01
-8.827458580333412685e-01
-8.055505106867389964e-01
-7.114326735755792663e-01
-6.023695140084943667e-01
-4.806521610667405797e-01
-3.488375750302807332e-01
-2.096948323920616863e-01
-6.614695487060666401e-02
7.879049556018716260e-02
2.220727656677483619e-01
3.606898731887971943e-01
4.917298386110686703e-01
6.124398581759066262e-01
7.202841330184801549e-01
8.129971396080062362e-01
8.886312224167046692e-01
9.455975090210494427e-01
9.826992881171637828e-01
9.991571492662556508e-01
9.946253562504889789e-01
9.691991100782498814e-01
9.234125490622732135e-01
8.582275279836940607e-01
7.750134120621547940e-01
6.755183102073629708e-01
5.618323518654912974e-01
4.363437789169465897e-01
3.016887750189022888e-01
1.606960863455215160e-01
1.632759709811097693e-02
-1.283838918632856374e-01
-2.703983741600940460e-01
-4.067325004042748327e-01
-5.345222504936437691e-01
-6.510830991138926160e-01
-7.539664105288863549e-01
-8.410108779536792367e-01
-9.103879269047124856e-01
-9.606401287227169794e-01
-9.907118173015533324e-01
-9.999712658464088300e-01
-9.882239577861339219e-01
-9.557166730529276233e-01
-9.031323038874047304e-01
-8.315755090752989798e-01
-7.425495079824006028e-01
-6.379245018838501924e-01
-5.198983859722283718e-01
-3.909505773814989094e-01
-2.537899291780797983e-01
-1.112978245087011958e-01
3.353235365338200213e-02
1.776581055827798628e-01
3.180517296897306667e-01
4.517639265380981595e-01
5.759857558410227396e-01
6.881076448814251734e-01
7.857742087461407898e-01
8.669337307452689156e-01
9.298812635637513369e-01
9.732944457038487096e-01
9.962612808094428729e-01
9.982992963020398403e-01
9.793656788560245463e-01
9.398581737936171354e-01
8.806067295056000388e-01
8.028560624265090873e-01
7.082395088281016049e-01
5.987447127359006860e-01
4.766718707751343431e-01
3.445854111116653518e-01
2.052601215856391104e-01
6.162285874382007062e-02
-8.330893769026276319e-02
-2.264906332595942318e-01
-3.649143585064492656e-01
-4.956721963696499866e-01
-6.160172698458179497e-01
-7.234214466240590502e-01
-8.156284484721834094e-01
-8.907012496862788398e-01
-9.470627688874748706e-01
-9.835289993385915031e-01
-9.993338818001648027e-01
-9.941453974128754423e-01
-9.680725425373132298e-01
-9.216630390281734808e-01
-8.558918280439503645e-01
-7.721405891067995020e-01
-6.721687146631125653e-01
-5.580763498925711552e-01
-4.322602742018460953e-01
-2.973635512161881822e-01
-1.562200049897023990e-01
-1.179468884267844547e-02
1.328784025817097703e-01
2.747600695357729217e-01
4.108697527312213382e-01
5.383481470218474119e-01
6.545172678567678926e-01
7.569367086665479416e-01
8.434549073631435467e-01
9.122543449797603232e-01
9.618897269464931066e-01
9.913183449140281489e-01
9.999219813035313820e-01
9.875198964260513135e-01
9.543726253462559983e-01
9.011765047284935326e-01
8.290490446416224346e-01
7.395054526224350555e-01
6.344268031651141282e-01
5.160205213116957346e-01
3.867740104790316491e-01
2.494023986791456260e-01
1.067915008470076144e-01
-3.806280451332267473e-02
-1.821175108277311716e-01
-3.223464089873038230e-01
-4.558036600131799010e-01
-5.796856793572541244e-01
-6.913900328126796335e-01
-7.885701067867078029e-01
-8.691844044578296291e-01
-9.315394322348614642e-01
-9.743252755869058479e-01
-9.966431168897538218e-01
-9.980241172115151826e-01
-9.784392653809490525e-01
-9.382999874355819614e-01
-8.784495036467463436e-01
-8.001451146875613318e-01
-7.050317890647734842e-01
-5.951076066727982727e-01
-4.726817844095400623e-01
-3.403261656252197231e-01
-2.008211924826002748e-01
-5.709749620690814098e-02
8.782566774004615939e-02
2.309038462470073549e-01
3.691313444764905416e-01
4.996043675789387239e-01
6.195820217572538535e-01
7.265438932101102587e-01
8.182429953725904870e-01
8.927529721724617451e-01
9.485085656860684500e-01
9.843384980754171787e-01
9.994900770436540016e-01
9.936450079132802538e-01
9.669260801571085695e-01
9.198945879155751015e-01
8.535385386885365744e-01
7.692518979057982875e-01
6.688053053931735104e-01
5.543088789038568276e-01
4.281678861145815640e-01
2.930322163011326309e-01
1.517407131597302283e-01
7.261538194833744297e-03
-1.373701825187664260e-01
-2.791161183228126896e-01
-4.149985612821784908e-01
-5.421629799681554340e-01
-6.579379856284972572e-01
-7.598914510131988820e-01
-8.458816029478471998e-01
-9.141020153341937737e-01
-9.631195573939236310e-01
-9.919044999632181669e-01
-9.998521473842133522e-01
-9.867955405645230105e-01
-9.530089643470420757e-01
-8.992021855094363136e-01
-8.265055424377752979e-01
-7.364461997008450167e-01
-6.309160663539609137e-01
-5.121320519238586888e-01
-3.825894949916808230e-01
-2.450097427165400799e-01
-1.022829825153512978e-01
4.259247314533661649e-02
1.865731733794100122e-01
3.266344637503234005e-01
4.598340262764513131e-01
5.833736897648095221e-01
6.946582120013300443e-01
7.913497989389342013e-01
8.714172155792473395e-01
9.331784568579182260e-01
9.753360821309045026e-01
9.970044709774998903e-01
9.977284277475159113e-01
9.774927440202910711e-01
9.367225180934625195e-01
8.762742247898868131e-01
7.974177231825149148e-01
7.018095802073940348e-01
5.914582705652972061e-01
4.686819839701482082e-01
3.360599261026118167e-01
1.963781363072911179e-01
5.257096026051204934e-02
-9.234059288631288331e-02
-2.353123139341540271e-01
-3.733407444357207949e-01
-5.035262714289606700e-01
-6.231340406510866847e-01
-7.296514086072825034e-01
-8.208407265777274420e-01
-8.947863477103460417e-01
-9.499348697042852008e-01
-9.851277676916528891e-01
-9.996257317867582870e-01
-9.931241980351969145e-01
-9.657597464985614444e-01
-9.181072320678839160e-01
-8.511677082798507765e-01
-7.663473978245719520e-01
-6.654281515189176544e-01
-5.505300163245684386e-01
-4.240666987577380032e-01
-2.886948592869255092e-01
-1.472583029094198526e-01
-2.728238315271380634e-03
1.418591393639838660e-01
2.834664310001424603e-01
4.191188412060851687e-01
5.459666709340191826e-01
6.613451821299627387e-01
7.628305768459889835e-01
8.482909148368182883e-01
9.159308999965680709e-01
9.643295947907839505e-01
9.924702704030664568e-01
9.997617655236101797e-01
9.860509050877747095e-01
9.516257180798471937e-01
8.972093868044274112e-01
8.239450547352198395e-01
7.333718120882944946e-01
6.273923635994717030e-01
5.082330577205609323e-01
3.783971169153659830e-01
2.406120515636677448e-01
9.777236216818023518e-02
-4.712126646028816368e-02
-1.910250016695642650e-01
-3.309158058550827897e-01
-4.638549424999430792e-01
-5.870497112714443411e-01
-6.979121152830916053e-01
-7.941132280774308994e-01
-8.736321182230761817e-01
-9.347983037493521330e-01
-9.763268445627812930e-01
-9.973453356465021846e-01
-9.974122339867519393e-01
-9.765261342259948796e-01
-9.351257981857893364e-01
-8.740809376391333041e-01
-7.946739439619550094e-01
-6.985729484755075491e-01
-5.877967794108244215e-01
-4.646725516567642988e-01
-3.317867802192572269e-01
-1.919310443688692913e-01
-4.804334392936642634e-02
9.685362034289914102e-02
2.397159457226831769e-01
3.775424718768598531e-01
5.074378273207553747e-01
6.266732535298309426e-01
7.327439289530897071e-01
8.234215887016762547e-01
8.968013345120720015e-01
9.513416516301799186e-01
9.858967919670340585e-01
9.997408432416402535e-01
9.925829784817795653e-01
9.645735655309692902e-01
9.163010082170056636e-01
8.487793855407920196e-01
7.634271485534523949e-01
6.620373224441608029e-01
5.467398398140346227e-01
4.199567964147274401e-01
2.843515693104964881e-01
1.427728663567008616e-01
-1.805117632268598768e-03
-1.463451808648865704e-01
-2.878109181645744918e-01
-4.232305078271454968e-01
-5.497591417498504107e-01
-6.647387873399540625e-01
-7.657540257629980029e-01
-8.506827935163291388e-01
-9.177409613815200595e-01
-9.655198142696143071e-01
-9.930156446064334341e-01
-9.996508375791578471e-01
-9.852860052987895134e-01
-9.502229149717440482e-01
-8.951981495674328215e-01
-8.213676341544791093e-01
-7.302823529664277391e-01
-6.238557673171906126e-01
-5.043236188299595746e-01
-3.741969624075182077e-01
-2.362094155973837872e-01
-9.325973250316914320e-02
5.164909138706576947e-02
1.954729042087677005e-01
3.351903473158001079e-01
4.678663260498620025e-01
5.907136683313203296e-01
7.011516757870841499e-01
7.968603374110132531e-01
8.758290668708861304e-01
9.363989396197299753e-01
9.772975425213916711e-01
9.976657038916552089e-01
9.970755424273121115e-01
9.755394558628401880e-01
9.335098605267285743e-01
8.718696872686856336e-01
7.919138334132198587e-01
6.953219603850671060e-01
5.841232084566106986e-01
4.606535698671445078e-01
3.275068157924840850e-01
1.874800080594314078e-01
4.351474026043013199e-02
-1.013646573627183523e-01
-2.441146511136537411e-01
-3.817364404502852082e-01
-5.113389548680040697e-01
-6.301995876591999224e-01
-7.358213906932280501e-01
-8.259855287051837136e-01
-8.987978911676868243e-01
-9.527288825530101368e-01
-9.866455550973539657e-01
-9.998354090426456731e-01
-9.920213603756213860e-01
-9.633675616315169332e-01
-9.144759534826183422e-01
-8.463736195537217011e-01
-7.604912101064368324e-01
-6.586328878537626164e-01
-5.429384272640842557e-01
-4.158382635480827316e-01
-2.800024356307100892e-01
-1.382844956816891846e-01
6.338436482872578971e-03
1.508282148289333269e-01
2.921494905326407210e-01
4.273334766466075352e-01
5.535403144766640748e-01
6.681187315165536544e-01
7.686617376845045202e-01
8.530571898309331491e-01
9.195321622905119341e-01
9.666901913702476978e-01
9.935406113653441063e-01
9.995193658305338014e-01
9.845008569170132784e-01
9.488005838517084012e-01
8.931685151313484283e-01
8.187733336640956594e-01
7.271778858266952916e-01
6.203063501876253660e-01
5.004038155948421496e-01
3.699891177854674473e-01
2.318019252961710241e-01
8.874518625927910187e-02
-5.617585487438114811e-02
-1.999167895882650037e-01
-3.394580002864736046e-01
-4.718680944883896777e-01
-5.943654856465301339e-01
-7.043768269371298851e-01
-7.995910704838972149e-01
-8.780080163732335574e-01
-9.379803315744137393e-01
-9.782481560579490143e-01
-9.979655691290810759e-01
-9.967183599885418577e-01
-9.745327292080327997e-01
-9.318747383253798144e-01
-8.696405191219056530e-01
-7.891374482592897754e-01
-6.920566827470736593e-01
-5.804376331981271342e-01
-4.566251211953276101e-01
-3.232201207797547604e-01
-1.830251188521347661e-01
-3.898524232094567610e-02
1.058736112394832451e-01
2.485083397093600655e-01
3.859225639658466211e-01
5.152295738987198170e-01
6.337129705695722093e-01
7.388837305828096502e-01
8.285324938967746355e-01
9.007759766459948469e-01
9.540965339638189935e-01
9.873740416948045828e-01
9.999094272463558974e-01
9.914393552585253344e-01
9.621417595847643334e-01
9.126321053713823961e-01
8.439504597594916779e-01
7.575396428199142607e-01
6.552149177122006396e-01
5.391258567974938076e-01
4.117111847976833161e-01
2.756475476265248248e-01
1.337932831247999055e-01
-1.087162507239642847e-02
-1.553081491253836821e-01
-2.964820589424416730e-01
-4.314276633444096842e-01
-5.573101114076557394e-01
-6.714849451985969164e-01
-7.715536528541475647e-01
-8.554140549844596597e-01
-9.213044659126100600e-01
-9.678407020402877148e-01
-9.940451598912222186e-01
-9.993673529796118782e-01
-9.836954760780122209e-01
-9.473587539500387678e-01
-8.911205252071503491e-01
-8.161622065794622571e-01
-7.240584744689095853e-01
-6.167441851548093323e-01
-4.964737285710301706e-01
-3.657736695245304981e-01
-2.273896712382736385e-01
-8.422881621485879544e-02
6.070146389285187988e-02
2.043565664818715044e-01
3.437186770626264321e-01
4.758601655752261461e-01
5.980050881686499453e-01
7.075875024532428670e-01
8.023053711768338703e-01
8.801689219505710593e-01
9.395424471142541645e-01
9.791786656364133146e-01
9.982449251962526304e-01
9.963406940108866516e-01
9.735059749507919413e-01
9.302204651851065931e-01
8.673934790103828840e-01
7.863448455576000917e-01
6.887771826661513996e-01
5.767401293775908933e-01
4.525872884298682841e-01
3.189267832768519773e-01
1.785664682993174657e-01
3.445494319653373549e-02
-1.103803893098162237e-01
-2.528969212152103463e-01
-3.901007563945780299e-01
-5.191096044568693779e-01
-6.372133300574865933e-01
-7.419308856877782077e-01
-8.310624319338110189e-01
-9.027355502954074185e-01
-9.554445777560340858e-01
-9.880822367882658996e-01
-9.999628963316234964e-01
-9.908369750912635610e-01
-9.608961845821444303e-01
-9.107695017761829881e-01
-8.415099559564097609e-01
-7.545725073514840675e-01
-6.517834822620777180e-01
-5.353022067663220085e-01
-4.075756449790411962e-01
-2.712869947951559446e-01
-1.292993209848516400e-01
1.540459023937300678e-02
1.597848916871843494e-01
3.008085343554242619e-01
4.355129837810167714e-01
5.610684550698047390e-01
6.748373592070946447e-01
7.744297118402644342e-01
8.577533405410131540e-01
9.230578358252438109e-01
9.689713226356057030e-01
9.945292798150963121e-01
9.991948021504047928e-01
9.828698793331543948e-01
9.458974548977521213e-01
8.890542218830382870e-01
8.135343065617985925e-01
7.209241830000304718e-01
6.131693454246903707e-01
4.925334385256628367e-01
3.615507042562992601e-01
2.229727440998355847e-01
7.971071518573777381e-02
-6.522582543676423705e-02
-2.087921436477801485e-01
-3.479722900831895838e-01
-4.798424572694116597e-01
-6.016324011002818217e-01
-7.107836363528852175e-01
-8.050031837083013730e-01
-8.823117391941652787e-01
-9.410852541362366708e-01
-9.800890521338954109e-01
-9.985037663521297846e-01
-9.959425522557540100e-01
-9.724592141919267130e-01
-9.285470751028425118e-01
-8.651286131129860557e-01
-7.835360826988638783e-01
-6.854835275392708871e-01
-5.730307729822936569e-01
-4.485401545521988109e-01
-3.146268915160679858e-01
-1.741041480306169675e-01
-2.992393598928012183e-02
1.148848989550121658e-01
2.572803054415134238e-01
3.942709318705442390e-01
5.229789668040231154e-01
6.407005941871257715e-01
7.449627933861009410e-01
8.335752908236031544e-01
9.046765718447538074e-01
9.567729862260262452e-01
9.887701258236369917e-01
9.999958151996063416e-01
9.902142322533403762e-01
9.596308622214481110e-01
9.088881809753429630e-01
8.390521582992127581e-01
7.515898646787059212e-01
6.483386520227867322e-01
5.314675557502994696e-01
4.034317290815516155e-01
2.669208667502366850e-01
1.248027016171694564e-01
-1.993723882694093535e-02
-1.642583505129315002e-01
-3.051288278582797164e-01
-4.395893539990909371e-01
-5.648152682254665713e-01
-6.781759046466542262e-01
-7.772898555370157947e-01
-8.600749984260053216e-01
-9.247922359949325433e-01
-9.700820299208441355e-01
-9.949929611878290947e-01
-9.990017168890011900e-01
-9.820240836492565295e-01
-9.444167167259804874e-01
-8.869696476235636728e-01
-8.108896876170412771e-01
-7.177750758328380609e-01
-6.095819044637388329e-01
-4.885830264355365826e-01
-3.573203087668476718e-01
-2.185512346530373295e-01
-7.519097602330486463e-02
6.974884652606970492e-02
2.132234299305759695e-01
3.522187519322346194e-01
4.838148877309500495e-01
6.052473498965907917e-01
7.139651629523739995e-01
8.076844526356090626e-01
8.844364240670423705e-01
9.426087209341702522e-01
9.809792968410636638e-01
9.987420872772730940e-01
9.955239429053464040e-01
9.713924684433896672e-01
9.268546024683989026e-01
8.628459679749428402e-01
7.807112174059273046e-01
6.821757850542616852e-01
5.693096402431553349e-01
4.444838027348604337e-01
3.103205338643915123e-01
1.696382497510729725e-01
2.539231381580820540e-02
-1.193870476029560840e-01
-2.616584023054698838e-01
-3.984330046925403934e-01
-5.268375814209935726e-01
-6.441746912917951651e-01
-7.479793913691044072e-01
-8.360710189244384694e-01
-9.065990014041396261e-01
-9.580817320737041731e-01
-9.894376946641242343e-01
-1.000008183173789922e+00
-9.895711395427312373e-01
-9.583458185062817547e-01
-9.069881816318661194e-01
-8.365771172980660531e-01
-7.485917760978000324e-01
-6.448804977889538437e-01
-5.276219825552735943e-01
-3.992795222667595012e-01
-2.625492532199626416e-01
-1.203035174316731126e-01
2.446947768470223578e-02
1.687284336686210029e-01
3.094428506647706190e-01
4.436566902252175870e-01
5.685504738739597386e-01
6.815005129068956169e-01
7.801340251656552205e-01
8.623789809270699935e-01
9.265076307780537590e-01
9.711728010698802427e-01
9.954361944803141737e-01
9.987881011634924810e-01
9.811581064082512960e-01
9.429165698653301231e-01
8.848668452687893371e-01
8.082284040946928760e-01
7.146112176845601516e-01
6.059819359973814823e-01
4.846225734855028611e-01
3.530825699949614038e-01
2.141252337642162995e-01
7.066969161265661270e-02
-7.427043420822487807e-02
-2.176503342629700910e-01
-3.564579753408363416e-01
-4.877773753224906583e-01
-6.088498602668372950e-01
-7.171320168682299157e-01
-8.103491228560365522e-01
-8.865429329048262197e-01
-9.441128161993147527e-01
-9.818493814625172122e-01
-9.989598830739540025e-01
-9.950848745624967240e-01
-9.703057596278512609e-01
-9.251430820637305263e-01
-8.605455905068400968e-01
-7.778703077325310744e-01
-6.788540231884729881e-01
-5.655768076330998095e-01
-4.404183163398701084e-01
-3.060077988217052014e-01
-1.651688652392988288e-01
-2.086016980542216084e-02
1.238867427300961860e-01
2.660311218328857419e-01
4.025868893259179626e-01
5.306853690094697207e-01
6.476355499754062883e-01
7.509806176427532565e-01
8.385495649466435664e-01
9.085027994657658423e-01
9.593707884030542310e-01
9.900849295905337355e-01
1.000000000000000000e+00
9.889077101756192922e-01
9.570410798455526447e-01
9.050695427925826708e-01
8.340848838174796942e-01
7.455783032224241325e-01
6.414090906290365046e-01
5.237655662115416888e-01
3.951191098665312040e-01
2.581722440453024792e-01
1.158018608910341002e-01
-2.900121367072188566e-02
-1.731950492897063043e-01
-3.137505141175148671e-01
-4.477149088717028436e-01
-5.722739952531599172e-01
-6.848111156638722052e-01
-7.829621622756922639e-01
-8.646652406951166325e-01
-9.282039849215746319e-01
-9.722436136663014095e-01
-9.958589705836743411e-01
-9.985539593638902423e-01
-9.802719654068167143e-01
-9.413970451453028687e-01
-8.827458580333447102e-01
-8.055505106867286713e-01
-7.114326735755720499e-01
-6.023695140084861510e-01
-4.806521610667378042e-01
-3.488375750302843969e-01
-2.096948323920689861e-01
-6.614695487058930290e-02
7.879049556020095713e-02
2.220727656677549122e-01
3.606898731888001364e-01
4.917298386110683373e-01
6.124398581759260551e-01
7.202841330184922564e-01
8.129971396080163393e-01
8.886312224167094431e-01
9.455975090210527734e-01
9.826992881171643379e-01
9.991571492662569831e-01
9.946253562504864254e-01
9.691991100782456625e-01
9.234125490622692167e-01
8.582275279836887316e-01
7.750134120621348099e-01
6.755183102073448742e-01
5.618323518654710913e-01
4.363437789169309355e-01
3.016887750188856909e-01
1.606960863455113575e-01
1.632759709807937373e-02
-1.283838918633169734e-01
-2.703983741601176383e-01
-4.067325004042907088e-01
-5.345222504936584240e-01
-6.510830991139003876e-01
-7.539664105288884643e-01
-8.410108779536771273e-01
-9.103879269047225886e-01
-9.606401287227217534e-01
-9.907118173015556639e-01
-9.999712658464087189e-01
-9.882239577861323676e-01
-9.557166730529267351e-01
-9.031323038874065068e-01
-8.315755090752853240e-01
-7.425495079823890565e-01
-6.379245018838423098e-01
-5.198983859722257073e-01
-3.909505773814959673e-01
-2.537899291780835731e-01
-1.112978245087050955e-01
3.353235365339938406e-02
1.776581055827899658e-01
3.180517296897404367e-01
4.517639265381010460e-01
5.759857558410195200e-01
6.881076448814429369e-01
7.857742087461558889e-01
8.669337307452740227e-01
9.298812635637551116e-01
9.732944457038493757e-01
9.962612808094425398e-01
9.982992963020383970e-01
9.793656788560209936e-01
9.398581737936111402e-01
8.806067295055951538e-01
8.028560624265071999e-01
7.082395088280792894e-01
5.987447127358753729e-01
4.766718707751190776e-01
3.445854111116490315e-01
2.052601215856290351e-01
6.162285874378852640e-02
-8.330893769029425189e-02
-2.264906332596181016e-01
-3.649143585064654749e-01
-4.956721963696650857e-01
-6.160172698458260543e-01
-7.234214466240661556e-01
-8.156284484722017281e-01
-8.907012496862900530e-01
-9.470627688874826422e-01
-9.835289993385933904e-01
-9.993338818001652468e-01
-9.941453974128743321e-01
-9.680725425373124526e-01
-9.216630390281639329e-01
-8.558918280439377080e-01
-7.721405891067885108e-01
-6.721687146630996867e-01
-5.580763498925626065e-01
-4.322602742018432087e-01
-2.973635512161851291e-01
-1.562200049897133070e-01
-1.179468884266104967e-02
1.328784025817270065e-01
2.747600695357828582e-01
4.108697527312242803e-01
5.383481470218500764e-01
6.545172678567648950e-01
7.569367086665593769e-01
8.434549073631529836e-01
9.122543449797645421e-01
9.618897269464959932e-01
9.913183449140275938e-01
9.999219813035310489e-01
9.875198964260475387e-01
9.543726253462528897e-01
9.011765047284890917e-01
8.290490446416166614e-01
7.395054526224329461e-01
6.344268031650951434e-01
5.160205213116808576e-01
3.867740104790156064e-01
2.494023986791287784e-01
1.067915008470044363e-01
-3.806280451335426057e-02
-1.821175108277622301e-01
-3.223464089873203098e-01
-4.558036600131953331e-01
-5.796856793572682243e-01
-6.913900328126819650e-01
-7.885701067867272318e-01
-8.691844044578417305e-01
-9.315394322348703460e-01
-9.743252755869097337e-01
-9.966431168897545989e-01
-9.980241172115145165e-01
-9.784392653809469431e-01
-9.382999874355735237e-01
-8.784495036467346862e-01
-8.001451146875466769e-01
-7.050317890647662677e-01
-5.951076066727899461e-01
-4.726817844095372312e-01
-3.403261656252167255e-01
-2.008211924825762662e-01
-5.709749620689077293e-02
8.782566774006349275e-02
2.309038462470242858e-01
3.691313444764934837e-01
4.996043675789660909e-01
6.195820217572564070e-01
7.265438932101222491e-01
8.182429953726004790e-01
8.927529721724662970e-01
9.485085656860784420e-01
9.843384980754177338e-01
9.994900770436548898e-01
9.936450079132806978e-01
9.669260801571041286e-01
9.198945879155709937e-01
8.535385386885311343e-01
7.692518979057735296e-01
6.688053053931763969e-01
5.543088789038363995e-01
4.281678861145915560e-01
2.930322163011227499e-01
1.517407131596919811e-01
7.261538194830558478e-03
-1.373701825187977343e-01
-2.791161183228089149e-01
-4.149985612821943115e-01
-5.421629799681938477e-01
-6.579379856284995887e-01
-7.598914510132194211e-01
-8.458816029478488652e-01
-9.141020153342007681e-01
-9.631195573939284049e-01
-9.919044999632203874e-01
-9.998521473842131302e-01
-9.867955405645224554e-01
-9.530089643470324168e-01
-8.992021855094379790e-01
-8.265055424377615312e-01
-7.364461997008380223e-01
-6.309160663539529201e-01
-5.121320519238499180e-01
-3.825894949916844867e-01
-2.450097427165163211e-01
-1.022829825153269284e-01
4.259247314535399842e-02
1.865731733794201153e-01
3.266344637503331705e-01
4.598340262764541442e-01
5.833736897648293951e-01
6.946582120013424788e-01
7.913497989389447484e-01
8.714172155792558883e-01
9.331784568579194472e-01
9.753360821309114970e-01
9.970044709775001124e-01
9.977284277475148011e-01
9.774927440202934026e-01
9.367225180934564133e-01
8.762742247898818171e-01
7.974177231825130274e-01
7.018095802073766043e-01
5.914582705653004258e-01
4.686819839701265589e-01
3.360599261026288587e-01
1.963781363072810149e-01
5.257096026047339277e-02
-9.234059288630898366e-02
-2.353123139341778414e-01
-3.733407444357171867e-01
-5.035262714289757691e-01
-6.231340406511168828e-01
-7.296514086072847238e-01
-8.208407265777454276e-01
-8.947863477103442653e-01
-9.499348697042906409e-01
-9.851277676916557757e-01
-9.996257317867588421e-01
-9.931241980351932508e-01
-9.657597464985606672e-01
-9.181072320678713705e-01
-8.511677082798565497e-01
-7.663473978245608498e-01
-6.654281515189099938e-01
-5.505300163245598899e-01
-4.240666987577093594e-01
-2.886948592869292840e-01
-1.472583029093956219e-01
-2.728238315246877231e-03
1.418591393639940523e-01
2.834664310001523413e-01
4.191188412060880553e-01
5.459666709340397217e-01
6.613451821299810574e-01
7.628305768460001968e-01
8.482909148368237284e-01
9.159308999965721787e-01
9.643295947907828403e-01
9.924702704030694544e-01
9.997617655236102907e-01
9.860509050877706017e-01
9.516257180798440851e-01
8.972093868044228593e-01
8.239450547351979681e-01
7.333718120882875002e-01
6.273923635994526071e-01
5.082330577205642630e-01
3.783971169153432790e-01
2.406120515636577528e-01
9.777236216816999337e-02
-4.712126646032683414e-02
-1.910250016695604069e-01
-3.309158058551059378e-01
-4.638549424999270365e-01
-5.870497112714526677e-01
-6.979121152831193609e-01
-7.941132280774285679e-01
-8.736321182230880611e-01
-9.347983037493508007e-01
-9.763268445627835135e-01
-9.973453356465049602e-01
-9.974122339867511622e-01
-9.765261342259895505e-01
-9.351257981857907797e-01
-8.740809376391213137e-01
-7.946739439619401324e-01
-6.985729484755002217e-01
-5.877967794107931132e-01
-4.646725516567551950e-01
-3.317867802192341342e-01
-1.919310443688731493e-01
-4.804334392934195286e-02
9.685362034292352429e-02
2.397159457226931689e-01
3.775424718768957133e-01
5.074378273207519330e-01
6.266732535298500384e-01
7.327439289531064714e-01
8.234215887016821389e-01
8.968013345120765534e-01
9.513416516301830272e-01
9.858967919670333924e-01
9.997408432416408086e-01
9.925829784817783441e-01
9.645735655309666257e-01
9.163010082170015558e-01
8.487793855407865795e-01
7.634271485534365187e-01
6.620373224441638005e-01
5.467398398140140836e-01
4.199567964147180588e-01
2.843515693104866626e-01
1.427728663566906753e-01
-1.805117632278891099e-03
-1.463451808649108010e-01
-2.878109181645707171e-01
-4.232305078271677012e-01
-5.497591417498590705e-01
-6.647387873399617231e-01
-7.657540257630228719e-01
-8.506827935163270293e-01
-9.177409613815298295e-01
-9.655198142696133079e-01
-9.930156446064346554e-01
-9.996508375791567369e-01
-9.852860052987901796e-01
-9.502229149717363876e-01
-8.951981495674344869e-01
-8.213676341544733361e-01
-7.302823529664012048e-01
-6.238557673171826190e-01
-5.043236188299261569e-01
-3.741969624075218159e-01
-2.362094155973599729e-01
-9.325973250317304286e-02
5.164909138707605291e-02
1.954729042087777757e-01
3.351903473158098223e-01
4.678663260498961973e-01
5.907136683313171099e-01
7.011516757870914773e-01
7.968603374110195814e-01
8.758290668708910154e-01
9.363989396197335280e-01
9.772975425213938916e-01
9.976657038916578735e-01
9.970755424273113343e-01
9.755394558628379675e-01
9.335098605267249106e-01
8.718696872686806376e-01
7.919138334132135304e-01
6.953219603850494535e-01
5.841232084565908256e-01
4.606535698671354040e-01
3.275068157924743151e-01
1.874800080594213048e-01
4.351474026041984855e-02
-1.013646573627144526e-01
-2.441146511136774999e-01
-3.817364404503079123e-01
-5.113389548680129515e-01
-6.301995876592079160e-01
-7.358213906932253856e-01
-8.259855287051975914e-01
-8.987978911676851590e-01
-9.527288825530175753e-01
-9.866455550973532995e-01
-9.998354090426461172e-01
-9.920213603756182774e-01
-9.633675616315179324e-01
-9.144759534826084613e-01
-8.463736195537238105e-01
-7.604912101064209562e-01
-6.586328878537335285e-01
-5.429384272640875864e-01
-4.158382635480604717e-01
-2.800024356307138640e-01
-1.382844956816648985e-01
6.338436482897081073e-03
1.508282148289434854e-01
2.921494905326777469e-01
4.273334766466039825e-01
5.535403144766845029e-01
6.681187315165507679e-01
7.686617376845110705e-01
8.530571898309384782e-01
9.195321622905159309e-01
9.666901913702575788e-01
9.935406113653453275e-01
9.995193658305330242e-01
9.845008569170115020e-01
9.488005838517051815e-01
8.931685151313437654e-01
8.187733336640897752e-01
7.271778858266686463e-01
6.203063501876173724e-01
5.004038155948331568e-01
3.699891177854578994e-01
2.318019252961610321e-01
8.874518625926886006e-02
-5.617585487441980469e-02
-1.999167895882890122e-01
-3.394580002864833190e-01
-4.718680944883987816e-01
-5.943654856465384606e-01
-7.043768269371372126e-01
-7.995910704838948835e-01
-8.780080163732452148e-01
-9.379803315744122960e-01
-9.782481560579540103e-01
-9.979655691290817421e-01
-9.967183599885409695e-01
-9.745327292080273596e-01
-9.318747383253812577e-01
-8.696405191218935515e-01
-7.891374482592922179e-01
-6.920566827470560067e-01
-5.804376331981071502e-01
-4.566251211953311073e-01
-3.232201207797315567e-01
-1.830251188521385963e-01
-3.898524232092118874e-02
1.058736112395358836e-01
2.485083397093700297e-01
3.859225639658692142e-01
5.152295738987164864e-01
6.337129705695911941e-01
7.388837305828070967e-01
8.285324938967804087e-01
9.007759766460116113e-01
9.540965339638221021e-01
9.873740416948084686e-01
9.999094272463557864e-01
9.914393552585221148e-01
9.621417595847614468e-01
9.126321053713781772e-01
8.439504597594708057e-01
7.575396428199075993e-01
6.552149177121713297e-01
5.391258567974851479e-01
4.117111847976739347e-01
2.756475476265148883e-01
1.337932831247897192e-01
-1.087162507240671885e-02
-1.553081491254078850e-01
-2.964820589424514985e-01
-4.314276633444189546e-01
-5.573101114076642881e-01
-6.714849451986045770e-01
-7.715536528541542260e-01
-8.554140549844575503e-01
-9.213044659126196079e-01
-9.678407020402902683e-01
-9.940451598912233289e-01
-9.993673529796114341e-01
-9.836954760780129980e-01
-9.473587539500308852e-01
-8.911205252071521254e-01
-8.161622065794481573e-01
-7.240584744688927099e-01
-6.167441851548012277e-01
-4.964737285710089099e-01
-3.657736695245341063e-01
-2.273896712382497687e-01
-8.422881621486270898e-02
6.070146389287633948e-02
2.043565664818955130e-01
3.437186770626227683e-01
4.758601655752476844e-01
5.980050881686468367e-01
7.075875024532601865e-01
8.023053711768315388e-01
8.801689219505759443e-01
9.395424471142626022e-01
9.791786656364125374e-01
9.982449251962540737e-01
9.963406940108869847e-01
9.735059749507896099e-01
9.302204651850923822e-01
8.673934790103777770e-01
7.863448455575762219e-01
6.887771826661542862e-01
5.767401293775709092e-01
4.525872884298590693e-01
3.189267832768422073e-01
1.785664682993073349e-01
3.445494319652345205e-02
-1.103803893098547068e-01
-2.528969212152202828e-01
-3.901007563945875223e-01
-5.191096044568781487e-01
-6.372133300574944759e-01
-7.419308856877850911e-01
-8.310624319338325572e-01
-9.027355502954118593e-01
-9.554445777560371944e-01
-9.880822367882674540e-01
-9.999628963316236074e-01
-9.908369750912621177e-01
-9.608961845821455405e-01
-9.107695017761728851e-01
-8.415099559563965492e-01
-7.545725073514772951e-01
-6.517834822620699464e-01
-5.353022067663133488e-01
-4.075756449790188252e-01
-2.712869947951597194e-01
-1.292993209848273262e-01
1.540459023936908804e-02
1.597848916872085523e-01
3.008085343554476321e-01
4.355129837810132187e-01
5.610684550698250561e-01
6.748373592070917582e-01
7.744297118402798663e-01
8.577533405410403544e-01
9.230578358252423676e-01
9.689713226356116982e-01
9.945292798150958680e-01
9.991948021504039046e-01
9.828698793331551720e-01
9.458974548977486796e-01
8.890542218830205234e-01
8.135343065618008129e-01
7.209241830000134854e-01
6.131693454246934794e-01
4.925334385256415204e-01
3.615507042562896567e-01
2.229727440998255650e-01
7.971071518569917969e-02
-6.522582543677450662e-02
-2.087921436478041293e-01
-3.479722900831992427e-01
-4.798424572694207080e-01
-6.016324011002900374e-01
-7.107836363528925450e-01
-8.050031837083243547e-01
-8.823117391941834864e-01
-9.410852541362402235e-01
-9.800890521338975203e-01
-9.985037663521303397e-01
-9.959425522557530108e-01
-9.724592141919242705e-01
-9.285470751028334080e-01
-8.651286131129809487e-01
-7.835360826988574390e-01
-6.854835275392633376e-01
-5.730307729822852192e-01
-4.485401545521896516e-01
-3.146268915160447266e-01
-1.741041480306208256e-01
-2.992393598925563100e-02
1.148848989550223798e-01
2.572803054415233603e-01
3.942709318705667765e-01
5.229789668040196737e-01
6.407005941871445343e-01
7.449627933860983875e-01
8.335752908236165881e-01
9.046765718447642435e-01
9.567729862260251350e-01
9.887701258236406554e-01
9.999958151996063416e-01
9.902142322533370455e-01
9.596308622214492212e-01
9.088881809753446284e-01
8.390521582991994354e-01
7.515898646787084747e-01
6.483386520227680805e-01
5.314675557503028003e-01
4.034317290815421786e-01
2.669208667501993815e-01
1.248027016171592424e-01
-1.993723882696543312e-02
-1.642583505129276145e-01
-3.051288278583030311e-01
-4.395893539991002075e-01
-5.648152682254751200e-01
-6.781759046466826479e-01
-7.772898555370222340e-01
-8.600749984260178671e-01
-9.247922359949365401e-01
-9.700820299208466890e-01
-9.949929611878300939e-01
-9.990017168890007460e-01
-9.820240836492493131e-01
-9.444167167259771567e-01
-8.869696476235588989e-01
-8.108896876170352819e-01
-7.177750758328308445e-01
-6.095819044637307282e-01
-4.885830264355276453e-01
-3.573203087668513356e-01
-2.185512346530134042e-01
-7.519097602329460894e-02
6.974884652607996061e-02
2.132234299305860170e-01
3.522187519322442784e-01
4.838148877309714768e-01
6.052473498965876830e-01
7.139651629523910970e-01
8.076844526356151688e-01
8.844364240670471444e-01
9.426087209341784678e-01
9.809792968410628866e-01
9.987420872772743152e-01
9.955239429053468481e-01
9.713924684433838941e-01
9.268546024683790296e-01
8.628459679749448386e-01
7.807112174059119836e-01
6.821757850542645718e-01
5.693096402431352399e-01
4.444838027348639864e-01
3.103205338643816869e-01
1.696382497510488252e-01
2.539231381581212241e-02
-1.193870476029804117e-01
-2.616584023054661090e-01
-3.984330046925628754e-01
-5.268375814210264352e-01
-6.441746912918030477e-01
-7.479793913691300533e-01
-8.360710189244363599e-01
-9.065990014041500622e-01
-9.580817320737070597e-01
-9.894376946641256776e-01
-1.000008183173789922e+00
-9.895711395427296830e-01
-9.583458185062707635e-01
-9.069881816318557943e-01
-8.365771172980605019e-01
-7.485917760977931490e-01
-6.448804977889459611e-01
-5.276219825552648235e-01
-3.992795222667500643e-01
-2.625492532199527607e-01
-1.203035174316628986e-01
2.446947768471252269e-02
1.687284336686311337e-01
3.094428506647804444e-01
4.436566902252268019e-01
5.685504738739798336e-01
6.815005129069136025e-01
7.801340251656616598e-01
8.623789809270752116e-01
9.265076307780576448e-01
9.711728010698861269e-01
9.954361944803138407e-01
9.987881011634912598e-01
9.811581064082466330e-01
9.429165698653266814e-01
8.848668452687713515e-01
8.082284040946950965e-01
7.146112176845430541e-01
6.059819359973845909e-01
4.846225734854814338e-01
3.530825699949650676e-01
2.141252337642201298e-01
7.066969161263217392e-02
-7.427043420822096453e-02
-2.176503342629940163e-01
-3.564579753408326779e-01
-4.877773753225120301e-01
-6.088498602668679371e-01
-7.171320168682272511e-01
-8.103491228560509851e-01
-8.865429329048243323e-01
-9.441128161993227463e-01
-9.818493814625190996e-01
-9.989598830739544466e-01
-9.950848745624929492e-01
-9.703057596278522601e-01
-9.251430820637212005e-01
-8.605455905068348788e-01
-7.778703077325246351e-01
-6.788540231884654386e-01
-5.655768076330913718e-01
-4.404183163398353029e-01
-3.060077988216953759e-01
-1.651688652392886703e-01
-2.086016980541187046e-02
1.238867427301064000e-01
2.660311218328956784e-01
4.025868893259273995e-01
5.306853690094904819e-01
6.476355499754141709e-01
7.509806176427600288e-01
8.385495649466492285e-01
9.085027994657701722e-01
9.593707884030571176e-01
9.900849295905371772e-01
9.999999999999998890e-01
9.889077101756177379e-01
9.570410798455496471e-01
9.050695427925782299e-01
8.340848838174661495e-01
7.455783032224267970e-01
6.414090906290176308e-01
5.237655662115450195e-01
3.951191098665348123e-01
2.581722440453063094e-01
1.158018608910379860e-01
-2.900121367074637996e-02
-1.731950492896744409e-01
-3.137505141175111478e-01
-4.477149088716739223e-01
-5.722739952531566976e-01
-6.848111156638899688e-01
-7.829621622756898214e-01
-8.646652406951290670e-01
-9.282039849215731886e-01
-9.722436136663004103e-01
-9.958589705836765615e-01
-9.985539593638903533e-01
-9.802719654068118293e-01
-9.413970451453042010e-01
-8.827458580333332749e-01
-8.055505106867310028e-01
-7.114326735755748254e-01
-6.023695140084666111e-01
-4.806521610667412459e-01
-3.488375750302614153e-01
-2.096948323920450330e-01
-6.614695487059320256e-02
7.879049556019705747e-02
2.220727656677511097e-01
3.606898731888230070e-01
4.917298386110649511e-01
6.124398581759229465e-01
7.202841330184894808e-01
8.129971396080141188e-01
8.886312224167076668e-01
9.455975090210514411e-01
9.826992881171636718e-01
9.991571492662568721e-01
9.946253562504867585e-01
9.691991100782466617e-01
9.234125490622707710e-01
8.582275279836908410e-01
7.750134120621372524e-01
6.755183102073687440e-01
5.618323518654743109e-01
4.363437789169344327e-01
3.016887750188894657e-01
1.606960863454871824e-01
1.632759709811170898e-02
-1.283838918633130877e-01
-2.703983741600864965e-01
-4.067325004042871561e-01
-5.345222504936550934e-01
-6.510830991138973900e-01
-7.539664105289045626e-01
-8.410108779536750179e-01
-9.103879269047210343e-01
-9.606401287227128716e-01
-9.907118173015552198e-01
-9.999712658464084969e-01
-9.882239577861329227e-01
-9.557166730529195187e-01
-9.031323038874081721e-01
-8.315755090752875445e-01
-7.425495079823725142e-01
-6.379245018838453074e-01
-5.198983859722047240e-01
-3.909505773814995755e-01
-2.537899291780598698e-01
-1.112978245086807400e-01
3.353235365339547053e-02
1.776581055828140854e-01
3.180517296897367174e-01
4.517639265381228619e-01
5.759857558410164113e-01
6.881076448814400504e-01
7.857742087461535574e-01
8.669337307452720243e-01
9.298812635637536683e-01
9.732944457038484876e-01
9.962612808094446493e-01
9.982992963020386190e-01
9.793656788560218818e-01
9.398581737936124725e-01
8.806067295055970412e-01
8.028560624265095313e-01
7.082395088280820650e-01
5.987447127358784815e-01
4.766718707751225192e-01
3.445854111116526952e-01
2.052601215856328654e-01
6.162285874379243994e-02
-8.330893769026202766e-02
-2.264906332596142713e-01
-3.649143585064618112e-01
-4.956721963696616995e-01
-6.160172698458229457e-01
-7.234214466240633801e-01
-8.156284484721993966e-01
-8.907012496862752871e-01
-9.470627688874814210e-01
-9.835289993385926133e-01
-9.993338818001650248e-01
-9.941453974128716675e-01
-9.680725425373134518e-01
-9.216630390281654872e-01
-8.558918280439544723e-01
-7.721405891067909533e-01
-6.721687146630814791e-01
-5.580763498925658261e-01
-4.322602742018211153e-01
-2.973635512161889038e-01
-1.562200049896891041e-01
-1.179468884263654843e-02
1.328784025817231207e-01
2.747600695358063949e-01
4.108697527312206721e-01
5.383481470218707265e-01
6.545172678567620084e-01
7.569367086665568234e-01
8.434549073631508742e-01
9.122543449797629878e-01
9.618897269465026545e-01
9.913183449140270387e-01
9.999219813035310489e-01
9.875198964260480938e-01
9.543726253462539999e-01
9.011765047284907570e-01
8.290490446416188819e-01
7.395054526224164038e-01
6.344268031650982520e-01
5.160205213116841882e-01
3.867740104790192146e-01
2.494023986791325531e-01
1.067915008470083360e-01
-3.806280451335034010e-02
-1.821175108277583998e-01
-3.223464089873165905e-01
-4.558036600131918914e-01
-5.796856793572651156e-01
-6.913900328126996175e-01
-7.885701067867073588e-01
-8.691844044578397321e-01
-9.315394322348586886e-01
-9.743252755869088455e-01
-9.966431168897543769e-01
-9.980241172115147386e-01
-9.784392653809418361e-01
-9.382999874355846259e-01
-8.784495036467365736e-01
-8.001451146875661058e-01
-7.050317890647690433e-01
-5.951076066727702951e-01
-4.726817844095406729e-01
-3.403261656251936884e-01
-2.008211924826079631e-01
-5.709749620689467953e-02
8.782566774008788990e-02
2.309038462470204556e-01
3.691313444765162433e-01
4.996043675789381133e-01
6.195820217572756139e-01
7.265438932101194736e-01
8.182429953725982585e-01
8.927529721724773992e-01
9.485085656860682279e-01
9.843384980754220637e-01
9.994900770436537796e-01
9.936450079132779223e-01
9.669260801571052388e-01
9.198945879155725480e-01
8.535385386885183667e-01
7.692518979057941797e-01
6.688053053931581893e-01
5.543088789038397302e-01
4.281678861145694071e-01
2.930322163011265246e-01
1.517407131597239278e-01
7.261538194806055509e-03
-1.373701825187938486e-01
-2.791161183228324516e-01
-4.149985612821907588e-01
-5.421629799681667583e-01
-6.579379856284967021e-01
-7.598914510132168676e-01
-8.458816029478468668e-01
-9.141020153341992138e-01
-9.631195573939272947e-01
-9.919044999632198323e-01
-9.998521473842136853e-01
-9.867955405645276734e-01
-9.530089643470336380e-01
-8.992021855094272098e-01
-8.265055424377637516e-01
-7.364461997008406868e-01
-6.309160663539560288e-01
-5.121320519238532487e-01
-3.825894949916880949e-01
-2.450097427165476571e-01
-1.022829825153590971e-01
4.259247314537847884e-02
1.865731733794441793e-01
3.266344637503563186e-01
4.598340262764759045e-01
5.833736897648262865e-01
6.946582120013397033e-01
7.913497989389424170e-01
8.714172155792538899e-01
9.331784568579180039e-01
9.753360821309042805e-01
9.970044709774997793e-01
9.977284277475169105e-01
9.774927440202941797e-01
9.367225180934478646e-01
8.762742247898974712e-01
7.974177231824982615e-01
7.018095802073793799e-01
5.914582705652806638e-01
4.686819839701300561e-01
3.360599261026057660e-01
1.963781363072848452e-01
5.257096026050568638e-02
-9.234059288630508400e-02
-2.353123139342016557e-01
-3.733407444357135230e-01
-5.035262714289968633e-01
-6.231340406510693652e-01
-7.296514086073014882e-01
-8.208407265777432071e-01
-8.947863477103551455e-01
-9.499348697042894196e-01
-9.851277676916551096e-01
-9.996257317867587311e-01
-9.931241980351970255e-01
-9.657597464985616664e-01
-9.181072320678617116e-01
-8.511677082798585481e-01
-7.663473978245450846e-01
-6.654281515189340857e-01
-5.505300163245394618e-01
-4.240666987577129121e-01
-2.886948592869058028e-01
-1.472583029093995077e-01
-2.728238315250796405e-03
1.418591393639901665e-01
2.834664310001486220e-01
4.191188412060845025e-01
5.459666709340126323e-01
6.613451821299568545e-01
7.628305768460160730e-01
8.482909148368367180e-01
9.159308999965819487e-01
9.643295947907893906e-01
9.924702704030688993e-01
9.997617655236097356e-01
9.860509050877712678e-01
9.516257180798453064e-01
8.972093868044245246e-01
8.239450547352162868e-01
7.333718120882901648e-01
6.273923635994778092e-01
5.082330577205677047e-01
3.783971169153206304e-01
2.406120515636891444e-01
9.777236216814561010e-02
-4.712126646032292060e-02
-1.910250016695844710e-01
-3.309158058551022186e-01
-4.638549424999487414e-01
-5.870497112714494481e-01
-6.979121152830961572e-01
-7.941132280774261254e-01
-8.736321182231000515e-01
-9.347983037493493574e-01
-9.763268445627888426e-01
-9.973453356465005193e-01
-9.974122339867493858e-01
-9.765261342259904387e-01
-9.351257981857821200e-01
-8.740809376391232011e-01
-7.946739439619424639e-01
-6.985729484755029972e-01
-5.877967794108193145e-01
-4.646725516567586367e-01
-3.317867802192109861e-01
-1.919310443688769796e-01
-4.804334392931747938e-02
9.685362034289134170e-02
2.397159457227169554e-01
3.775424718768920496e-01
5.074378273207730272e-01
6.266732535298469298e-01
7.327439289531038069e-01
8.234215887016798074e-01
8.968013345120748880e-01
9.513416516301819170e-01
9.858967919670327262e-01
9.997408432416400315e-01
9.925829784817822299e-01
9.645735655309600753e-01
9.163010082169916748e-01
8.487793855407735899e-01
7.634271485534390722e-01
6.620373224441453708e-01
5.467398398140174143e-01
4.199567964147216670e-01
2.843515693104903819e-01
1.427728663566945611e-01
-1.805117632274971925e-03
-1.463451808648787988e-01
-2.878109181645669978e-01
-4.232305078271899057e-01
-5.497591417498319810e-01
-6.647387873399800418e-01
-7.657540257630204295e-01
-8.506827935163399079e-01
-9.177409613815282752e-01
-9.655198142696196362e-01
-9.930156446064342113e-01
-9.996508375791576251e-01
-9.852860052987908457e-01
-9.502229149717287271e-01
-8.951981495674362632e-01
-8.213676341544593473e-01
-7.302823529664427271e-01
-6.238557673171634121e-01
-5.043236188299786704e-01
-3.741969624074991119e-01
-2.362094155973638032e-01
-9.325973250314864571e-02
5.164909138707213937e-02
1.954729042087739455e-01
3.351903473158061586e-01
4.678663260499179022e-01
5.907136683313140013e-01
7.011516757871090189e-01
7.968603374110000415e-01
8.758290668709028948e-01
9.363989396197421877e-01
9.772975425213989986e-01
9.976657038916576514e-01
9.970755424273115564e-01
9.755394558628387447e-01
9.335098605267263538e-01
8.718696872686825250e-01
7.919138334132159729e-01
6.953219603850727681e-01
5.841232084566171379e-01
4.606535698671641033e-01
3.275068157924511669e-01
1.874800080593972407e-01
4.351474026039536119e-02
-1.013646573627388220e-01
-2.441146511136736974e-01
-3.817364404503042485e-01
-5.113389548680095098e-01
-6.301995876592049184e-01
-7.358213906932227211e-01
-8.259855287051792727e-01
-8.987978911676833826e-01
-9.527288825530250138e-01
-9.866455550973526334e-01
-9.998354090426465612e-01
-9.920213603756259380e-01
-9.633675616315113821e-01
-9.144759534826100156e-01
-8.463736195537107099e-01
-7.604912101064235097e-01
-6.586328878537578424e-01
-5.429384272640909170e-01
-4.158382635480382117e-01
-2.800024356307176387e-01
-1.382844956816406401e-01
6.338436482864740623e-03
1.508282148289677160e-01
2.921494905326196267e-01
4.273334766466261869e-01
5.535403144766811723e-01
6.681187315165689755e-01
7.686617376845085170e-01
8.530571898309364798e-01
9.195321622905144876e-01
9.666901913702493632e-01
9.935406113653448834e-01
9.995193658305323581e-01
9.845008569170171642e-01
9.488005838516974100e-01
8.931685151313327742e-01
8.187733336640756754e-01
7.271778858266713108e-01
6.203063501876203700e-01
5.004038155948365985e-01
3.699891177854615631e-01
2.318019252961648347e-01
8.874518625927275972e-02
-5.617585487438751107e-02
-1.999167895882573431e-01
-3.394580002864528989e-01
-4.718680944884203754e-01
-5.943654856465581116e-01
-7.043768269371546431e-01
-7.995910704839095384e-01
-8.780080163732433274e-01
-9.379803315744208447e-01
-9.782481560579532331e-01
-9.979655691290815200e-01
-9.967183599885413026e-01
-9.745327292080345760e-01
-9.318747383253827010e-01
-8.696405191218814501e-01
-7.891374482592945494e-01
-6.920566827470383542e-01
-5.804376331981566661e-01
-4.566251211953092914e-01
-3.232201207797352760e-01
-1.830251188521145045e-01
-3.898524232092510922e-02
1.058736112395037149e-01
2.485083397093662272e-01
3.859225639658394047e-01
5.152295738987130447e-01
6.337129705696100679e-01
7.388837305828044322e-01
8.285324938967941755e-01
9.007759766459852990e-01
9.540965339638294296e-01
9.873740416948079135e-01
9.999094272463561195e-01
9.914393552585226699e-01
9.621417595847625570e-01
9.126321053713798426e-01
8.439504597594882362e-01
7.575396428199100418e-01
6.552149177121529000e-01
5.391258567975124594e-01
4.117111847976516192e-01
2.756475476264913516e-01
1.337932831247654331e-01
-1.087162507243122009e-02
-1.553081491254040269e-01
-2.964820589424477237e-01
-4.314276633444154574e-01
-5.573101114076610685e-01
-6.714849451986015794e-01
-7.715536528541516725e-01
-8.554140549844555519e-01
-9.213044659126069513e-01
-9.678407020402821637e-01
-9.940451598912259934e-01
-9.993673529796106569e-01
-9.836954760780085572e-01
-9.473587539500322174e-01
-8.911205252071410232e-01
-8.161622065794503778e-01
-7.240584744688953744e-01
-6.167441851548042253e-01
-4.964737285710369985e-01
-3.657736695245377700e-01
-2.273896712382259266e-01
-8.422881621486660864e-02
6.070146389290079214e-02
2.043565664818360328e-01
3.437186770626457499e-01
4.758601655752442428e-01
5.980050881686664876e-01
7.075875024532574109e-01
8.023053711768461937e-01
8.801689219505741679e-01
9.395424471142514999e-01
9.791786656364116492e-01
9.982449251962555170e-01
9.963406940108874288e-01
9.735059749507839477e-01
9.302204651851145867e-01
8.673934790103655645e-01
7.863448455575785534e-01
6.887771826661365226e-01
5.767401293775741289e-01
4.525872884298625665e-01
3.189267832768459265e-01
1.785664682993111929e-01
3.445494319652737253e-02
-1.103803893098225658e-01
-2.528969212151890300e-01
-3.901007563946100598e-01
-5.191096044568991319e-01
-6.372133300575133497e-01
-7.419308856878015224e-01
-8.310624319338304478e-01
-9.027355502954101940e-01
-9.554445777560359732e-01
-9.880822367882668988e-01
-9.999628963316234964e-01
-9.908369750912626728e-01
-9.608961845821466508e-01
-9.107695017761862077e-01
-8.415099559564139797e-01
-7.545725073514611969e-01
-6.517834822620512947e-01
-5.353022067662926986e-01
-4.075756449790223779e-01
-2.712869947951361271e-01
-1.292993209848312119e-01
1.540459023939358754e-02
1.597848916872046665e-01
