347.07617706
254.56506172
260.86088281
343.98305359
345.42536238
294.92168859
243.90097576
277.74913965
482.15456118
183.66239434
223.39123621
266.57709665
306.07513102
319.90810559
379.50230340
202.22475484
539.85739701
161.10012314
603.49826733
279.92493950
209.04704026
173.67709935
229.24115222
616.95786787
4708.87022539
171.60447475
308.32233287
179.77863062
242.25040475
136.65984048
331.63546755
246.29172058
185.67050642
271.25579922
438.00029181
209.04704026
538.10363514
344.39493650
262.74078342
122.09775625
158.70761104
141.73625987
318.97065584
173.89575264
120.78803945
119.67607468
244.88085347
193.26542649
150.76716969
1719.39522747
282.04215015
278.32453541
123.75371267
131.69534983
621.21558932
185.78228141
144.76016828
1504.46296966
115.26265504
586.93654966
281.72101930
437.33095113
257.67539680
370.32028014
321.65151367
272.08053219
321.78575262
305.81111526
248.93666404
338.16572831
328.72424766
222.73776490
422.17763733
436.06757291
384.54866167
193.54866430
135.70231734
427.18434687
444.33863995
473.27207229
392.55414929
444.93675162
1016.16345239
587.92099126
449.58120109
581.28669459
198.15632684
259.98513696
215.18083707
190.44066601
251.71469490
361.98116878
196.73035536
395.71417499
277.30188368
17.66891280
615.70745556
215.35695568
239.26448219
188.41544059
223.39123621
778.47939804
88.48829164
463.45900323
67.18800566
166.51323376
333.39988668
522.01126783
424.23684066
293.22806805
219.71638604
243.16692716
311.30498312
301.72858999
425.63605790
257.23919218
161.95366554
258.04948213
160.19488288
410.98473951
193.94542933
631.86047279
491.47839470
144.86304607
179.72334888
237.68513535
232.54628423
249.05991371
223.56956597
222.14425399
186.73327434
129.75651597
132.64337691
195.81953701
750.98014018
341.30982193
280.24538670
403.36155350
407.63920292
691.86286881
142.86133046
131.14752907
488.77530188
252.95267011
158.97285593
335.91616520
233.99345880
221.31422590
108.60681558
219.06652128
122.63269294
118.80823552
136.50850336
235.38313963
199.58572735
262.30173737
390.83406263
146.20267181
597.05309914
256.67871977
115.31032921
128.41987256
998.68463614
287.26143127
2646.78343566
194.11555438
1097.57255949
965.87087425
370.74241388
341.24136880
534.52232557
472.50892093
268.47059726
131.09776517
734.83397501
398.73843047
139.24110323
278.51642236
284.93781330
340.76232638
263.18007397
186.22960613
138.48023779
253.38643954
316.96492624
505.53627104
271.00220376
158.81369122
91.60547400
388.68749716
91.95895565
309.11676969
368.98458169
397.94562185
318.23473220
554.67995086
363.37827027
384.69113450
404.30279384
289.46172810
115.11967196
639.52489826
251.77654536
113.55076806
338.30222675
222.08493198
183.77376517
140.81795578
892.18732737
444.26389509
407.85711253
387.90141101
146.97740056
205.97346145
155.27289461
376.45687956
384.33498636
205.79993942
536.19261107
769.39605080
130.89877153
256.55422577
457.93631267
46.31175700
141.94059750
6142.69970016
75.05965141
35.68547592
402.13180441
846.28912656
782.17682630
1444.04029170
369.82799386
334.28326606
252.58106515
497.44266221
1187.57564451
72.59415403
