15.82847701
14.27484934
14.39155044
15.78132313
15.80334578
14.99237020
14.07270703
14.69559477
17.66117749
12.80330516
13.66672379
14.49589241
15.17899984
15.40427129
16.30673643
13.22077508
18.33926598
12.25609209
19.03322913
14.73386168
13.36777399
1.54429270
12.56699647
13.78496903
19.17367208
37.74927958
12.51681808
15.21605109
12.71243598
14.04089628
11.60219658
15.59021927
14.11852937
12.84978766
14.58019143
17.10477970
13.36777399
18.31938797
15.78761845
14.42603228
11.17465297
12.19513298
11.74407268
15.38921229
12.57226676
11.13456573
11.10030316
14.09152396
13.02261947
11.98831636
26.98157731
14.77090828
14.70573393
11.22492955
11.46000918
19.21767318
12.85236509
62.80255494
0.18199664
166.14728333
154.69254036
11.82698131
25.80696951
10.96218202
86.28310790
92.90264447
135.13431279
18.85752192
14.76530114
17.09606339
14.33274093
16.17416743
15.43219900
14.59495044
15.43434519
15.17463493
14.16887966
15.69186807
15.54447354
13.65338744
16.89630771
17.07958712
16.37868646
13.02897662
11.57504353
16.96282886
17.18688234
17.55206393
16.49154696
17.19458946
22.64304449
18.86805783
17.25420294
18.79682583
13.13153367
14.37543061
13.49723205
12.95887645
14.22138094
16.05185602
13.09996592
16.53567427
14.68770391
261.86989243
98.76952782
5.86921528
19.16071135
63.21783684
13.50091261
13.98298080
12.91278665
69.04536127
79.57416755
13.66672379
20.71886070
10.03790254
17.42991996
9.15788574
0.31522743
12.39181963
15.61781448
18.13494009
16.92373044
14.96362162
13.59138429
14.05857780
15.26495122
15.10681743
16.94231344
14.32465019
12.27769350
14.33967221
12.23309879
16.74566897
13.03787142
19.32680924
17.77428047
11.82978159
12.71113314
13.95215252
13.85088892
14.17121718
13.67035871
13.64125217
12.87425243
11.40350920
11.48743415
13.07972258
20.47199297
15.74034216
14.73948078
16.64150047
16.70011322
19.92011214
11.77505602
11.44410153
17.74163885
14.24465273
12.20192125
15.65700073
13.87955585
13.62424463
10.74705183
13.57797394
11.19094364
11.07341502
11.59791348
13.90697287
13.16302572
14.41799389
16.46742769
11.86612509
18.96523753
14.31424109
10.96369269
11.36422928
172.45264448
22.51247675
14.86144934
85.41771439
134.10040520
31.15386989
13.04168162
23.23221147
22.26318112
163.49458231
84.83054515
16.18030991
15.73928996
18.27866108
17.54262581
14.53012664
11.44265429
20.32422572
16.57768621
11.67476882
14.70911210
14.82127716
15.73192261
14.43406619
12.86266966
11.65347096
14.25278888
15.35689329
17.94213669
14.57564720
12.19784874
10.15436874
130.46188920
16.43722882
10.16740807
102.73254915
15.22910647
94.21644549
16.15470084
16.56669338
15.37736988
18.50557728
16.07247763
16.38070865
67.59454189
16.65443286
14.89929028
10.95764876
158.59427797
19.40463161
14.22254543
0.36399328
10.90765853
77.34942839
15.69397876
13.64003805
12.80589195
11.71866175
4.06956858
21.68205647
0.51476423
0.51476423
107.07792065
2.87185854
105.09750493
17.18591871
16.70308804
16.42614199
11.88704195
13.30195002
12.10653905
16.26300629
88.29163281
16.37565272
13.29821439
0.18199664
18.29767824
20.63796958
11.43686347
14.31192693
17.36041898
8.09015495
11.74971209
41.24663854
9.50224657
83.66423343
7.41733999
79.08397980
16.62457370
21.30371539
4.84945065
20.75160771
25.45676983
16.16699826
15.63159382
14.23767519
17.84588188
2.61214319
23.85058848
91.90433876
9.39709121
3.34596751
147.44086855
164.45488685
130.05528783
