10.42997743
7.72707156
7.90297309
10.33592614
10.37932991
8.87658802
7.42937782
8.38268245
14.79530301
5.80750364
6.86687030
8.06454174
9.20322941
9.61114997
11.43250854
6.29755432
16.80664345
5.22188532
19.12079377
8.44449286
6.48036099
5.54756362
7.02620704
19.62198338
231.18281586
5.49291262
9.26859776
5.70535793
7.38370718
4.59724198
9.96235438
7.49557838
5.85990305
8.19658643
13.31543196
6.48036099
16.74432142
10.34800262
7.95674552
4.22961102
5.15936078
4.72577388
9.58329628
5.55238817
4.19709167
4.16830403
7.45722095
6.05977991
4.95580193
72.40964650
8.50466557
8.39812830
4.27054070
4.47189656
19.78093421
5.86354700
4.80369968
60.86071878
4.05684392
18.50895204
8.49590649
13.29311148
7.81319755
11.14547238
9.66372558
8.22001546
9.66743623
9.19461205
7.56928694
10.15894116
9.87553079
6.84953574
12.79651798
13.25132274
11.59110149
6.06756639
4.57242798
12.96012296
13.52379248
14.49341429
11.84437425
13.54360591
36.14396382
18.54493147
13.69859421
18.30180679
6.19059154
7.87828992
6.64561362
5.98521237
7.64649914
10.88796463
6.15225061
11.94507743
8.36991453
1.42130772
19.57470824
6.64956444
7.30130287
5.93196462
6.86687030
25.94985587
3.38405381
14.16239005
2.84372094
5.36174323
10.01495776
16.17547429
12.86357792
8.82791475
6.76810004
7.40941489
9.35677483
9.07561789
12.90895389
7.80098530
5.24320181
7.82396690
5.19857945
12.43399341
6.07780182
20.18161551
15.11481229
4.80512759
5.70413757
7.25769165
7.11675890
7.57335957
6.87243109
6.83317070
5.88795593
4.42264207
4.49498243
6.12747191
24.83387834
10.25436560
8.45316969
12.18886137
12.32680605
22.48732703
4.75424797
4.45805053
15.02185785
7.68118865
5.16646819
10.09089725
7.15640420
6.81177438
3.88963049
6.74972696
4.24271227
4.14600625
4.59293290
7.19466934
6.22844449
7.94433622
11.78978098
4.84021739
18.88116170
7.78613935
4.05821775
4.38904981
35.36404491
8.65559400
121.73491123
6.08272403
39.83068377
33.91147845
11.15862838
10.25206554
16.61703523
14.46742661
8.11786168
4.45635026
24.18624725
12.04104449
4.66301348
8.40392021
8.58848229
10.23765004
7.96916565
5.87447037
4.64297070
7.69324227
9.52373081
15.60081135
8.19010138
5.16232108
3.46366941
11.72208215
3.47169449
9.29187064
11.10497605
12.01689211
9.56231886
17.33659205
10.93024762
11.59569508
12.21936914
8.71863473
4.05390222
20.47194260
7.64815638
4.01394513
10.16360251
6.83263747
5.81058549
4.70223564
30.71004769
13.52134570
12.33310355
11.69692520
4.85917352
6.39762572
5.07142167
11.33728734
11.58516399
6.39409674
16.67694537
25.57933280
4.45202257
7.78199760
13.97667573
2.29169544
4.73076783
307.45564646
3.04429363
1.99407447
12.14944103
28.76072139
26.10077514
57.59225673
11.13025164
10.04260649
7.67062283
15.32028644
44.00070986
2.98234763
