1.90030755827
56.7528935091
-757.785215243
4978.65926216
-18481.5433573
42685.0818482
-64945.4694261
67135.7418867
-47564.5523598
22690.7565672
-6814.05212287
1015.28083724
33.3481686393
-30.0319795285
-0.320967717304
0.825759212585
0.0608396784807
-0.0176873997422
-0.00385317118049
-3.63659438919e-05
0.000105850318645
1.97400586245e-05
6.52646191499e-07
-4.50551386942e-07
-1.15465127605e-07
-1.22687364963e-08
6.29094185553e-10
5.19578337945e-10
1.08116855781e-10
1.12812111972e-11
-4.19403220053e-13
-4.55453929975e-13
-1.07399729069e-13
-1.46420698846e-14
-6.20968914191e-16
2.88570320608e-16
9.91668820841e-17
1.84059408593e-17
1.97820939281e-18
-3.65978256252e-20
-7.43615882207e-20
-1.97086065824e-20
-3.07104098555e-21
-1.97079979382e-22
5.01114511345e-23
2.05493584498e-23
3.68863612016e-24
1.78829407933e-25
-1.04538971351e-25
-2.90909417126e-26
3.75586473081e-27
