16.21405194
13.89505907
13.97705757
15.39244046
15.04970261
14.20390208
12.93841237
13.69214802
17.15408844
7.89538258
13.54866893
14.56655446
18.31577147
15.30179434
16.12905112
13.22077508
19.63203077
12.13523243
18.94514214
13.91887647
13.00734963
1.26090971
11.62928623
13.63882382
18.89437190
38.34345706
12.87553876
15.39244046
11.69177918
13.39252915
10.82076783
16.34832367
14.35121691
14.63913818
14.81457120
17.57092495
13.53888649
18.70142779
16.12802428
13.71752513
11.10626946
12.86266966
10.30171720
14.54493644
12.52078684
11.05095826
11.52198290
13.34669601
12.16249652
11.11819245
16.98721968
13.73321127
23.83947580
11.88286152
11.52342018
19.39524110
12.46245164
50.84713832
0.18199664
166.74666823
162.33018869
4.80484917
17.17820769
6.02790895
83.98193484
93.69097930
134.47753763
0.00000000
