18.85752192
14.76530114
17.09606339
14.33274093
16.17416743
15.43219900
14.59495044
15.43434519
15.17463493
14.16887966
15.69186807
15.54447354
13.65338744
16.89630771
17.07958712
16.37868646
13.02897662
11.57504353
16.96282886
17.18688234
17.55206393
16.49154696
17.19458946
22.64304449
18.86805783
17.25420294
18.79682583
13.13153367
14.37543061
13.49723205
12.95887645
14.22138094
16.05185602
13.09996592
16.53567427
14.68770391
261.86989243
98.76952782
5.86921528
19.16071135
63.21783684
13.50091261
13.98298080
12.91278665
69.04536127
79.57416755
13.66672379
20.71886070
10.03790254
