16.21098739
13.82695441
13.92958101
15.32666741
14.97026081
14.14665396
12.78906847
13.67157014
17.04367195
0.18199664
13.55355750
14.57223809
18.34468352
15.28988422
16.11261386
13.20573438
19.65310921
12.10927469
18.94077076
13.83413911
12.92944914
1.16534710
11.55069459
13.56455033
18.86893556
38.38101589
12.92304303
15.37736988
11.65915419
13.38387005
10.75475416
16.39889709
14.42832814
14.78659699
14.82574611
17.71548225
13.47143997
18.72178478
16.14341998
13.63760948
10.89246469
12.89096473
10.21777827
14.41799389
12.47838829
10.98029635
11.52054543
13.49355049
12.08051965
10.96369269
16.98916943
13.55600112
23.89983866
11.80034551
11.49319948
19.38670033
12.42785214
50.43573160
0.18199664
166.45281745
163.22318699
3.60334963
16.74665794
5.42032316
83.94406356
93.68585294
134.41841092
