17.42991996
9.15788574
0.31522743
12.39181963
15.61781448
18.13494009
16.92373044
14.96362162
13.59138429
14.05857780
15.26495122
15.10681743
16.94231344
14.32465019
12.27769350
14.33967221
12.23309879
16.74566897
13.03787142
19.32680924
17.77428047
11.82978159
12.71113314
13.95215252
13.85088892
14.17121718
13.67035871
13.64125217
12.87425243
11.40350920
11.48743415
13.07972258
20.47199297
15.74034216
14.73948078
16.64150047
16.70011322
19.92011214
11.77505602
11.44410153
17.74163885
14.24465273
12.20192125
15.65700073
13.87955585
13.62424463
10.74705183
13.57797394
11.19094364
11.07341502
11.59791348
13.90697287
13.16302572
14.41799389
16.46742769
11.86612509
18.96523753
14.31424109
10.96369269
11.36422928
172.45264448
22.51247675
14.86144934
85.41771439
134.10040520
31.15386989
13.04168162
23.23221147
22.26318112
163.49458231
84.83054515
