16.18030991
15.73928996
18.27866108
17.54262581
14.53012664
11.44265429
20.32422572
16.57768621
11.67476882
14.70911210
14.82127716
15.73192261
14.43406619
12.86266966
11.65347096
14.25278888
15.35689329
17.94213669
14.57564720
12.19784874
10.15436874
130.46188920
16.43722882
10.16740807
102.73254915
15.22910647
94.21644549
16.15470084
16.56669338
15.37736988
18.50557728
16.07247763
16.38070865
67.59454189
16.65443286
14.89929028
10.95764876
158.59427797
19.40463161
14.22254543
0.36399328
10.90765853
77.34942839
15.69397876
13.64003805
12.80589195
11.71866175
4.06956858
21.68205647
0.51476423
0.51476423
107.07792065
2.87185854
105.09750493
