15.82847701
14.27484934
14.39155044
15.78132313
15.80334578
14.99237020
14.07270703
14.69559477
17.66117749
12.80330516
13.66672379
14.49589241
15.17899984
15.40427129
16.30673643
13.22077508
18.33926598
12.25609209
19.03322913
14.73386168
13.36777399
1.54429270
12.56699647
13.78496903
19.17367208
37.74927958
12.51681808
15.21605109
12.71243598
14.04089628
11.60219658
15.59021927
14.11852937
12.84978766
14.58019143
17.10477970
13.36777399
18.31938797
15.78761845
14.42603228
11.17465297
12.19513298
11.74407268
15.38921229
12.57226676
11.13456573
11.10030316
14.09152396
13.02261947
11.98831636
26.98157731
14.77090828
14.70573393
11.22492955
11.46000918
19.21767318
12.85236509
62.80255494
0.18199664
166.14728333
154.69254036
11.82698131
25.80696951
10.96218202
86.28310790
92.90264447
135.13431279
