      L    Grid  Aspect    Temp       Energy    EnergyErr        Force     ForceErr Status
 10.000   0.200   2.500 300.000    0.000e+00    0.000e+00    0.000e+00    0.000e+00    1
 10.000   0.300  10.000 300.000   -1.460e-04    2.456e-14   -4.205e-05    0.000e+00    0
 10.000   0.300  15.000 300.000   -1.511e-04    2.845e-14   -4.266e-05    0.000e+00    0
 10.000   0.300   2.000 300.000   -9.295e-05    1.562e-14   -3.234e-05    0.000e+00    0
 10.000   0.300  20.000 300.000   -1.536e-04    1.097e-14   -4.295e-05    0.000e+00    0
 10.000   0.300   3.000 300.000   -1.113e-04    1.108e-14   -3.650e-05    0.000e+00    0
 10.000   0.300   5.000 300.000   -1.303e-04    2.726e-14   -3.987e-05    0.000e+00    0
 10.000   0.400  10.000 300.000   -1.439e-04    2.168e-14   -4.147e-05    0.000e+00    0
 10.000   0.400  15.000 300.000   -1.489e-04    2.358e-14   -4.208e-05    0.000e+00    0
 10.000   0.400   2.000 300.000   -9.172e-05    1.549e-14   -3.192e-05    0.000e+00    0
 10.000   0.400  20.000 300.000   -1.512e-04    1.415e-14   -4.235e-05    0.000e+00    0
 10.000   0.400   3.000 300.000   -1.098e-04    9.688e-15   -3.603e-05    0.000e+00    0
 10.000   0.400   5.000 300.000   -1.284e-04    1.735e-14   -3.933e-05    0.000e+00    0
 12.500   0.200   2.500 300.000    0.000e+00    0.000e+00    0.000e+00    0.000e+00    1
 12.500   0.300  10.000 300.000   -7.547e-05    4.539e-15   -1.834e-05    2.372e-20    0
 12.500   0.300  15.000 300.000   -7.928e-05    3.007e-14   -1.876e-05    2.372e-20    0
 12.500   0.300   2.000 300.000   -4.138e-05    2.095e-15   -1.250e-05    2.541e-20    0
 12.500   0.300  20.000 300.000   -8.116e-05    4.204e-15   -1.895e-05    2.372e-20    0
 12.500   0.300   3.000 300.000   -5.193e-05    1.818e-15   -1.478e-05    2.541e-20    0
 12.500   0.300   5.000 300.000   -6.419e-05    2.328e-14   -1.688e-05    2.372e-20    0
 12.500   0.400  10.000 300.000   -7.432e-05    1.092e-14   -1.808e-05    2.372e-20    0
 12.500   0.400  15.000 300.000   -7.808e-05    7.492e-15   -1.849e-05    2.372e-20    0
 12.500   0.400   2.000 300.000   -4.083e-05    1.964e-15   -1.233e-05    2.541e-20    0
 12.500   0.400  20.000 300.000   -7.985e-05    2.778e-15   -1.867e-05    2.372e-20    0
 12.500   0.400   3.000 300.000   -5.122e-05    1.331e-14   -1.458e-05    2.541e-20    0
 12.500   0.400   5.000 300.000   -6.326e-05    1.789e-15   -1.664e-05    2.372e-20    0
 15.000   0.200   2.500 300.000   -2.388e-05    2.329e-14   -6.202e-06    0.000e+00    0
 15.000   0.300  10.000 300.000   -4.284e-05    5.979e-15   -9.061e-06    0.000e+00    0
 15.000   0.300  15.000 300.000   -4.578e-05    3.005e-14   -9.357e-06    0.000e+00    0
 15.000   0.300   2.000 300.000   -2.036e-05    3.913e-15   -5.445e-06    0.000e+00    0
 15.000   0.300  20.000 300.000   -4.724e-05    4.364e-17   -9.494e-06    0.000e+00    0
 15.000   0.300   3.000 300.000   -2.655e-05    8.146e-16   -6.720e-06    0.000e+00    0
 15.000   0.300   5.000 300.000   -3.463e-05    2.472e-14   -8.046e-06    0.000e+00    0
 15.000   0.400  10.000 300.000   -4.218e-05    1.172e-14   -8.925e-06    0.000e+00    0
 15.000   0.400  15.000 300.000   -4.506e-05    8.743e-15   -9.217e-06    0.000e+00    0
 15.000   0.400   2.000 300.000   -2.008e-05    3.128e-15   -5.369e-06    0.000e+00    0
 15.000   0.400  20.000 300.000   -4.645e-05    4.030e-15   -9.348e-06    0.000e+00    0
 15.000   0.400   3.000 300.000   -2.620e-05    1.468e-14   -6.627e-06    0.000e+00    0
 15.000   0.400   5.000 300.000   -3.412e-05    6.401e-16   -7.929e-06    0.000e+00    0
 17.500   0.200   2.500 300.000    0.000e+00    0.000e+00    0.000e+00    0.000e+00    1
 17.500   0.300  10.000 300.000   -2.599e-05    3.637e-15   -4.896e-06    0.000e+00    0
 17.500   0.300  15.000 300.000   -2.833e-05    2.845e-14   -5.113e-06    0.000e+00    0
 17.500   0.300   2.000 300.000   -1.076e-05    1.018e-15   -2.598e-06    0.000e+00    0
 17.500   0.300  20.000 300.000   -2.948e-05    2.095e-15   -5.214e-06    0.000e+00    0
 17.500   0.300   3.000 300.000   -1.456e-05    3.069e-15   -3.329e-06    0.000e+00    0
 17.500   0.300   5.000 300.000   -1.996e-05    2.082e-14   -4.179e-06    0.000e+00    0
 17.500   0.400  10.000 300.000   -2.562e-05    1.133e-14   -4.821e-06    0.000e+00    0
 17.500   0.400  15.000 300.000   -2.789e-05    8.292e-15   -5.034e-06    0.000e+00    0
 17.500   0.400   2.000 300.000   -1.066e-05    3.186e-15   -2.561e-06    0.000e+00    0
 17.500   0.400  20.000 300.000   -2.900e-05    3.579e-15   -5.130e-06    0.000e+00    0
 17.500   0.400   3.000 300.000   -1.438e-05    1.469e-14   -3.282e-06    0.000e+00    0
 17.500   0.400   5.000 300.000   -1.966e-05    1.426e-15   -4.117e-06    0.000e+00    0
 20.000   0.200   2.500 300.000    0.000e+00    0.000e+00    0.000e+00    0.000e+00    1
 20.000   0.300  10.000 300.000   -1.665e-05    3.637e-15   -2.832e-06    0.000e+00    0
 20.000   0.300  15.000 300.000   -1.850e-05    2.845e-14   -2.995e-06    0.000e+00    0
 20.000   0.300   2.000 300.000   -6.097e-06    1.018e-15   -1.332e-06    0.000e+00    0
 20.000   0.300  20.000 300.000   -1.947e-05    2.095e-15   -3.071e-06    0.000e+00    0
 20.000   0.300   3.000 300.000   -8.457e-06    3.069e-15   -1.762e-06    0.000e+00    0
 20.000   0.300   5.000 300.000   -1.214e-05    2.082e-14   -2.316e-06    0.000e+00    0
 20.000   0.400  10.000 300.000   -1.638e-05    1.133e-14   -2.787e-06    0.000e+00    0
 20.000   0.400  15.000 300.000   -1.819e-05    8.292e-15   -2.947e-06    0.000e+00    0
 20.000   0.400   2.000 300.000   -6.008e-06    3.186e-15   -1.313e-06    0.000e+00    0
 20.000   0.400  20.000 300.000   -1.909e-05    3.579e-15   -3.020e-06    0.000e+00    0
 20.000   0.400   3.000 300.000   -8.332e-06    1.469e-14   -1.737e-06    0.000e+00    0
 20.000   0.400   5.000 300.000   -1.193e-05    1.426e-15   -2.281e-06    0.000e+00    0
 22.500   0.200   2.500 300.000    0.000e+00    0.000e+00    0.000e+00    0.000e+00    1
 22.500   0.300  10.000 300.000   -1.108e-05    3.637e-15   -1.727e-06    0.000e+00    0
 22.500   0.300  15.000 300.000   -1.258e-05    2.845e-14   -1.852e-06    0.000e+00    0
 22.500   0.300   2.000 300.000   -3.600e-06    1.018e-15   -7.244e-07    0.000e+00    0
 22.500   0.300  20.000 300.000   -1.337e-05    2.095e-15   -1.910e-06    0.000e+00    0
 22.500   0.300   3.000 300.000   -5.120e-06    3.069e-15   -9.847e-07    0.000e+00    0
 22.500   0.300   5.000 300.000   -7.664e-06    2.082e-14   -1.351e-06    0.000e+00    0
 22.500   0.400  10.000 300.000   -1.092e-05    1.133e-14   -1.699e-06    0.000e+00    0
 22.500   0.400  15.000 300.000   -1.237e-05    8.292e-15   -1.822e-06    0.000e+00    0
 22.500   0.400   2.000 300.000   -3.576e-06    3.186e-15   -7.135e-07    0.000e+00    0
 22.500   0.400  20.000 300.000   -1.310e-05    3.579e-15   -1.878e-06    0.000e+00    0
 22.500   0.400   3.000 300.000   -5.058e-06    1.469e-14   -9.705e-07    0.000e+00    0
 22.500   0.400   5.000 300.000   -7.536e-06    1.426e-15   -1.330e-06    0.000e+00    0
 25.000   0.200   2.500 300.000    0.000e+00    0.000e+00    0.000e+00    0.000e+00    1
 25.000   0.300  10.000 300.000   -7.630e-06    3.637e-15   -1.099e-06    0.000e+00    0
 25.000   0.300  15.000 300.000   -8.831e-06    2.845e-14   -1.196e-06    0.000e+00    0
 25.000   0.300   2.000 300.000   -2.235e-06    1.018e-15   -4.137e-07    0.000e+00    0
 25.000   0.300  20.000 300.000   -9.481e-06    2.095e-15   -1.242e-06    0.000e+00    0
 25.000   0.300   3.000 300.000   -3.233e-06    3.069e-15   -5.754e-07    0.000e+00    0
 25.000   0.300   5.000 300.000   -5.016e-06    2.082e-14   -8.211e-07    0.000e+00    0
 25.000   0.400  10.000 300.000   -7.508e-06    1.133e-14   -1.081e-06    0.000e+00    0
 25.000   0.400  15.000 300.000   -8.685e-06    8.292e-15   -1.177e-06    0.000e+00    0
 25.000   0.400   2.000 300.000   -2.202e-06    3.186e-15   -4.073e-07    0.000e+00    0
 25.000   0.400  20.000 300.000   -9.294e-06    3.579e-15   -1.221e-06    0.000e+00    0
 25.000   0.400   3.000 300.000   -3.187e-06    1.469e-14   -5.670e-07    0.000e+00    0
 25.000   0.400   5.000 300.000   -4.920e-06    1.426e-15   -8.084e-07    0.000e+00    0
 27.500   0.200   2.500 300.000    0.000e+00    0.000e+00    0.000e+00    0.000e+00    1
 27.500   0.300  10.000 300.000   -5.383e-06    3.870e-15   -7.243e-07    0.000e+00    0
 27.500   0.300  15.000 300.000   -6.400e-06    2.882e-14   -8.009e-07    0.000e+00    0
 27.500   0.300   2.000 300.000   -1.446e-06    4.655e-16   -2.463e-07    0.000e+00    0
 27.500   0.300  20.000 300.000   -6.945e-06    1.033e-15   -8.377e-07    0.000e+00    0
 27.500   0.300   3.000 300.000   -2.105e-06    2.517e-15   -3.493e-07    0.000e+00    0
 27.500   0.300   5.000 300.000   -3.388e-06    2.150e-14   -5.167e-07    0.000e+00    0
 27.500   0.400  10.000 300.000   -5.308e-06    1.143e-14   -7.123e-07    0.000e+00    0
 27.500   0.400  15.000 300.000   -6.274e-06    8.379e-15   -7.876e-07    0.000e+00    0
 27.500   0.400   2.000 300.000   -1.428e-06    2.982e-15   -2.424e-07    0.000e+00    0
 27.500   0.400  20.000 300.000   -6.797e-06    3.666e-15   -8.228e-07    0.000e+00    0
 27.500   0.400   3.000 300.000   -2.083e-06    1.482e-14   -3.442e-07    0.000e+00    0
 27.500   0.400   5.000 300.000   -3.317e-06    1.469e-15   -5.086e-07    0.000e+00    0
 30.000   0.200   2.500 300.000    0.000e+00    0.000e+00    0.000e+00    0.000e+00    1
 30.000   0.300  10.000 300.000   -3.874e-06    5.921e-15   -4.913e-07    0.000e+00    0
 30.000   0.300  15.000 300.000   -4.726e-06    2.952e-14   -5.525e-07    0.000e+00    0
 30.000   0.300   2.000 300.000   -9.282e-07    7.274e-16   -1.519e-07    0.000e+00    0
 30.000   0.300  20.000 300.000   -5.183e-06    2.677e-15   -5.823e-07    0.000e+00    0
 30.000   0.300   3.000 300.000   -1.388e-06    1.586e-15   -2.191e-07    0.000e+00    0
 30.000   0.300   5.000 300.000   -2.344e-06    2.181e-14   -3.348e-07    0.000e+00    0
 30.000   0.400  10.000 300.000   -3.830e-06    1.055e-14   -4.831e-07    0.000e+00    0
 30.000   0.400  15.000 300.000   -4.638e-06    7.943e-15   -5.432e-07    0.000e+00    0
 30.000   0.400   2.000 300.000   -9.374e-07    1.891e-15   -1.495e-07    0.000e+00    0
 30.000   0.400  20.000 300.000   -5.076e-06    3.229e-15   -5.717e-07    0.000e+00    0
 30.000   0.400   3.000 300.000   -1.387e-06    1.405e-14   -2.159e-07    0.000e+00    0
 30.000   0.400   5.000 300.000   -2.287e-06    2.415e-15   -3.296e-07    0.000e+00    0
