14.25046474
12.80201157
14.11148946
16.81672588
12.81752603
16.90022797
11.78489727
0.18199664
14.21672201
16.65343842
14.78547692
13.52909699
4.57170343
11.11521290
12.31002455
11.79051715
12.61697531
15.22801895
12.84849875
16.42815834
11.48887575
12.51152444
16.38980539
16.89336692
16.29556082
16.70903608
11.58076525
14.06799887
14.46615722
14.49703485
12.94097215
15.65700073
16.52064411
12.02004796
17.95782158
16.60463776
13.03533067
9.98828334
12.02142569
12.90508901
15.20298449
16.03637241
15.30179434
11.41802303
14.01610466
12.97547976
88.88724089
0.25738212
43.27273908
93.05084363
167.24283129
214.46085880
53.42678679
