15.18772591
13.76693610
12.06817509
19.17453582
13.95333948
17.37948799
15.91820478
16.40394586
18.92152467
14.89595524
18.38796636
18.86279061
12.41852042
17.42611887
13.36653503
16.34832367
11.13456573
10.58400829
14.84472414
14.74958978
15.16590132
15.94627099
12.71894817
15.27688077
14.44438894
18.88121945
14.53012664
13.30070493
16.57069162
13.93076990
13.35537920
14.95697948
13.61694919
16.03327389
14.81345325
10.69917366
18.41946264
13.90101725
16.25893239
11.66199477
15.33962865
17.00962834
