1.776356839400250465e-15,2.537669970406151165e-01
1.001001001001000645e-02,2.528972158750603105e-01
2.002002002002178926e-02,2.520305647049274067e-01
3.003003003003001936e-02,2.511670460091074975e-01
4.004004004004002581e-02,2.503066622665928720e-01
5.005005005005180863e-02,2.494494159560633195e-01
6.006006006006003872e-02,2.485953095554542525e-01
7.007007007007004518e-02,2.477443455415435092e-01
8.008008008008182799e-02,2.468965263894995488e-01
9.009009009009005808e-02,2.460518545724340866e-01
1.001001001001018409e-01,2.452103325609565621e-01
1.101101101101100710e-01,2.443719628226974638e-01
1.201201201201200774e-01,2.435367478218284365e-01
1.301301301301318603e-01,2.427046900185918787e-01
1.401401401401400904e-01,2.418757918687917674e-01
1.501501501501518732e-01,2.410500558233061308e-01
1.601601601601601033e-01,2.402274843275444272e-01
1.701701701701701097e-01,2.394080798209613226e-01
1.801801801801818925e-01,2.385918447364856476e-01
1.901901901901901226e-01,2.377787815000048932e-01
2.002002002002019054e-01,2.369688925297964710e-01
2.102102102102101355e-01,2.361621802359691880e-01
2.202202202202201420e-01,2.353586470198831826e-01
2.302302302302319248e-01,2.345582952735725257e-01
2.402402402402401549e-01,2.337611273791475597e-01
2.502502502502501613e-01,2.329671457081766428e-01
2.602602602602619442e-01,2.321763526211017559e-01
2.702702702702701743e-01,2.313887504665727013e-01
2.802802802802819571e-01,2.306043415808349817e-01
2.902902902902901872e-01,2.298231282870753511e-01
3.003003003003001936e-01,2.290451128947603443e-01
3.103103103103119764e-01,2.282702976989613719e-01
3.203203203203202065e-01,2.274986849796915844e-01
3.303303303303319893e-01,2.267302770011897506e-01
3.403403403403402194e-01,2.259650760112391077e-01
3.503503503503502259e-01,2.252030842404249833e-01
3.603603603603620087e-01,2.244443039014434038e-01
3.703703703703702388e-01,2.236887371883427567e-01
3.803803803803802452e-01,2.229363862757739734e-01
3.903903903903902517e-01,2.221872533182448761e-01
4.004004004004002581e-01,2.214413404493379700e-01
4.104104104104120410e-01,2.206986497809300118e-01
4.204204204204202711e-01,2.199591834024081094e-01
4.304304304304302775e-01,2.192229433798454363e-01
4.404404404404420603e-01,2.184899317552042308e-01
4.504504504504502904e-01,2.177601505455033226e-01
4.604604604604620732e-01,2.170336017419643992e-01
4.704704704704703033e-01,2.163102873091846123e-01
4.804804804804803098e-01,2.155902091842552548e-01
4.904904904904920926e-01,2.148733692759017821e-01
5.005005005005003227e-01,2.141597694635826721e-01
5.105105105105121055e-01,2.134494115966130978e-01
5.205205205205203356e-01,2.127422974932451083e-01
5.305305305305303420e-01,2.120384289397436728e-01
5.405405405405421249e-01,2.113378076894745494e-01
5.505505505505503550e-01,2.106404354619428321e-01
5.605605605605603614e-01,2.099463139418521196e-01
5.705705705705703679e-01,2.092554447781416749e-01
5.805805805805803743e-01,2.085678295830028783e-01
5.905905905905921571e-01,2.078834699308968192e-01
6.006006006006003872e-01,2.072023673575645597e-01
6.106106106106103937e-01,2.065245233590109752e-01
6.206206206206221765e-01,2.058499393904839603e-01
6.306306306306304066e-01,2.051786168654596287e-01
6.406406406406421894e-01,2.045105571545886292e-01
6.506506506506504195e-01,2.038457615846538395e-01
6.606606606606604259e-01,2.031842314375054970e-01
6.706706706706722088e-01,2.025259679489943843e-01
6.806806806806804389e-01,2.018709723078902230e-01
6.906906906906922217e-01,2.012192456547917951e-01
7.007007007007004518e-01,2.005707890810248528e-01
7.107107107107104582e-01,1.999256036275358916e-01
7.207207207207222410e-01,1.992836902837728241e-01
7.307307307307304711e-01,1.986450499865556607e-01
7.407407407407404776e-01,1.980096836189365328e-01
7.507507507507522604e-01,1.973775920090636571e-01
7.607607607607604905e-01,1.967487759290140747e-01
7.707707707707722733e-01,1.961232360936386587e-01
7.807807807807805034e-01,1.955009731593904954e-01
7.907907907907905098e-01,1.948819877231443565e-01
8.008008008008022927e-01,1.942662803210136457e-01
8.108108108108105228e-01,1.936538514271502476e-01
8.208208208208223056e-01,1.930447014525481786e-01
8.308308308308305357e-01,1.924388307438354984e-01
8.408408408408405421e-01,1.918362395820587818e-01
8.508508508508523249e-01,1.912369281814579047e-01
8.608608608608605550e-01,1.906408966882518485e-01
8.708708708708723378e-01,1.900481451793886167e-01
8.808808808808805679e-01,1.894586736613237954e-01
8.908908908908905744e-01,1.888724820687685546e-01
9.009009009009023572e-01,1.882895702634439783e-01
9.109109109109105873e-01,1.877099380328330347e-01
9.209209209209205937e-01,1.871335850889139785e-01
9.309309309309323766e-01,1.865605110669166511e-01
9.409409409409406067e-01,1.859907155240479726e-01
9.509509509509523895e-01,1.854241979382325045e-01
9.609609609609606196e-01,1.848609577068406340e-01
9.709709709709706260e-01,1.843009941454231970e-01
9.809809809809824088e-01,1.837443064864369147e-01
9.909909909909906389e-01,1.831908938779784057e-01
1.001001001001002422e+00,1.826407553824966057e-01
1.011011011011010652e+00,1.820938899755391305e-01
1.021021021021020658e+00,1.815502965444657224e-01
1.031031031031032441e+00,1.810099738871781549e-01
1.041041041041040671e+00,1.804729207108552169e-01
1.051051051051050678e+00,1.799391356306723477e-01
1.061061061061060684e+00,1.794086171685465858e-01
1.071071071071070691e+00,1.788813637518653910e-01
1.081081081081082473e+00,1.783573737122241820e-01
1.091091091091090703e+00,1.778366452841755041e-01
1.101101101101100710e+00,1.773191766039660111e-01
1.111111111111112493e+00,1.768049657082964576e-01
1.121121121121120723e+00,1.762940105330738638e-01
1.131131131131132506e+00,1.757863089121761146e-01
1.141141141141140736e+00,1.752818585762211112e-01
1.151151151151150742e+00,1.747806571513406126e-01
1.161161161161162525e+00,1.742827021579685665e-01
1.171171171171170755e+00,1.737879910096278013e-01
1.181181181181182538e+00,1.732965210117353716e-01
1.191191191191190768e+00,1.728082893604097892e-01
1.201201201201200774e+00,1.723232931412928270e-01
1.211211211211212557e+00,1.718415293283788725e-01
1.221221221221220787e+00,1.713629947828569366e-01
1.231231231231230794e+00,1.708876862519660422e-01
1.241241241241240800e+00,1.704156003678607145e-01
1.251251251251250807e+00,1.699467336464855760e-01
1.261261261261262590e+00,1.694810824864765586e-01
1.271271271271270820e+00,1.690186431680617829e-01
1.281281281281280826e+00,1.685594118519825602e-01
1.291291291291292609e+00,1.681033845784380698e-01
1.301301301301300839e+00,1.676505572660304533e-01
1.311311311311312622e+00,1.672009257107399394e-01
1.321321321321320852e+00,1.667544855849134033e-01
1.331331331331330858e+00,1.663112324362680250e-01
1.341341341341342641e+00,1.658711616869159577e-01
1.351351351351350871e+00,1.654342686324095091e-01
1.361361361361362654e+00,1.650005484408055556e-01
1.371371371371370884e+00,1.645699961517474996e-01
1.381381381381380891e+00,1.641426066755745095e-01
1.391391391391392673e+00,1.637183747924466082e-01
1.401401401401400904e+00,1.632972951514924942e-01
1.411411411411410910e+00,1.628793622699891142e-01
1.421421421421420916e+00,1.624645705325518941e-01
1.431431431431430923e+00,1.620529141903608861e-01
1.441441441441442706e+00,1.616443873604007098e-01
1.451451451451450936e+00,1.612389840247370199e-01
1.461461461461460942e+00,1.608366980298117366e-01
1.471471471471472725e+00,1.604375230857662538e-01
1.481481481481480955e+00,1.600414527657946506e-01
1.491491491491492738e+00,1.596484805055195522e-01
1.501501501501500968e+00,1.592585996024010464e-01
1.511511511511510975e+00,1.588718032151720805e-01
1.521521521521522757e+00,1.584880843633048320e-01
1.531531531531530987e+00,1.581074359265036144e-01
1.541541541541540994e+00,1.577298506442299519e-01
1.551551551551551000e+00,1.573553211152636522e-01
1.561561561561561007e+00,1.569838397972830590e-01
1.571571571571572790e+00,1.566153990064910184e-01
1.581581581581581020e+00,1.562499909172622159e-01
1.591591591591591026e+00,1.558876075618282897e-01
1.601601601601602809e+00,1.555282408299969721e-01
1.611611611611611039e+00,1.551718824689008736e-01
1.621621621621622822e+00,1.548185240827827103e-01
1.631631631631631052e+00,1.544681571328155589e-01
1.641641641641641058e+00,1.541207729369551138e-01
1.651651651651652841e+00,1.537763626698278041e-01
1.661661661661661071e+00,1.534349173626568807e-01
1.671671671671672854e+00,1.530964279032191178e-01
1.681681681681681084e+00,1.527608850358424253e-01
1.691691691691691091e+00,1.524282793614362974e-01
1.701701701701702873e+00,1.520986013375587309e-01
1.711711711711711104e+00,1.517718412785220572e-01
1.721721721721721110e+00,1.514479893555339407e-01
1.731731731731731116e+00,1.511270355968751533e-01
1.741741741741741123e+00,1.508089698881144858e-01
1.751751751751752906e+00,1.504937819723624892e-01
1.761761761761761136e+00,1.501814614505597723e-01
1.771771771771771142e+00,1.498719977818079863e-01
1.781781781781782925e+00,1.495653802837299262e-01
1.791791791791791155e+00,1.492615981328773156e-01
1.801801801801802938e+00,1.489606403651669853e-01
1.811811811811811168e+00,1.486624958763625437e-01
1.821821821821821175e+00,1.483671534225874666e-01
1.831831831831832957e+00,1.480746016208794313e-01
1.841841841841841187e+00,1.477848289497826484e-01
1.851851851851852970e+00,1.474978237499737221e-01
1.861861861861861200e+00,1.472135742249289780e-01
1.871871871871871207e+00,1.469320684416274281e-01
1.881881881881882990e+00,1.466532943312903181e-01
1.891891891891891220e+00,1.463772396901594219e-01
1.901901901901901226e+00,1.461038921803097246e-01
1.911911911911911233e+00,1.458332393304985486e-01
1.921921921921921239e+00,1.455652685370550092e-01
1.931931931931933022e+00,1.452999670647996955e-01
1.941941941941941252e+00,1.450373220480047909e-01
1.951951951951951258e+00,1.447773204913866130e-01
1.961961961961963041e+00,1.445199492711334022e-01
1.971971971971971271e+00,1.442651951359710527e-01
1.981981981981983054e+00,1.440130447082580978e-01
1.991991991991991284e+00,1.437634844851182203e-01
2.002002002002001291e+00,1.435165008396054598e-01
2.012012012012013074e+00,1.432720800219023372e-01
2.022022022022021304e+00,1.430302081605487885e-01
2.032032032032033086e+00,1.427908712637075972e-01
2.042042042042041317e+00,1.425540552204555833e-01
2.052052052052051323e+00,1.423197458021115414e-01
2.062062062062063106e+00,1.420879286635906291e-01
2.072072072072071336e+00,1.418585893447901758e-01
2.082082082082081342e+00,1.416317132720058547e-01
2.092092092092091349e+00,1.414072857593752230e-01
2.102102102102101355e+00,1.411852920103490450e-01
2.112112112112113138e+00,1.409657171191926184e-01
2.122122122122121368e+00,1.407485460725113879e-01
2.132132132132131375e+00,1.405337637508047577e-01
2.142142142142143157e+00,1.403213549300436624e-01
2.152152152152151388e+00,1.401113042832747568e-01
2.162162162162163170e+00,1.399035963822480300e-01
2.172172172172171400e+00,1.396982156990674573e-01
2.182182182182181407e+00,1.394951466078654112e-01
2.192192192192193190e+00,1.392943733864985267e-01
2.202202202202201420e+00,1.390958802182648280e-01
2.212212212212211426e+00,1.388996511936413658e-01
2.222222222222221433e+00,1.387056703120419232e-01
2.232232232232231439e+00,1.385139214835934551e-01
2.242242242242243222e+00,1.383243885309303478e-01
2.252252252252251452e+00,1.381370551910076627e-01
2.262262262262261459e+00,1.379519051169280919e-01
2.272272272272271465e+00,1.377689218797875925e-01
2.282282282282281471e+00,1.375880889705346222e-01
2.292292292292293254e+00,1.374093898018435289e-01
2.302302302302301484e+00,1.372328077100015975e-01
2.312312312312311491e+00,1.370583259568083079e-01
2.322322322322323274e+00,1.368859277314871947e-01
2.332332332332331504e+00,1.367155961526069219e-01
2.342342342342343287e+00,1.365473142700138198e-01
2.352352352352351517e+00,1.363810650667736102e-01
2.362362362362361523e+00,1.362168314611199305e-01
2.372372372372373306e+00,1.360545963084127397e-01
2.382382382382381536e+00,1.358943424031014424e-01
2.392392392392391542e+00,1.357360524806949242e-01
2.402402402402401549e+00,1.355797092197365827e-01
2.412412412412411555e+00,1.354252952437829671e-01
2.422422422422423338e+00,1.352727931233872194e-01
2.432432432432431568e+00,1.351221853780834314e-01
2.442442442442441575e+00,1.349734544783736945e-01
2.452452452452453358e+00,1.348265828477167305e-01
2.462462462462461588e+00,1.346815528645153581e-01
2.472472472472473370e+00,1.345383468641044300e-01
2.482482482482481601e+00,1.343969471407376326e-01
2.492492492492491607e+00,1.342573359495704277e-01
2.502502502502503390e+00,1.341194955086422169e-01
2.512512512512511620e+00,1.339834080008541761e-01
2.522522522522523403e+00,1.338490555759413725e-01
2.532532532532531633e+00,1.337164203524420780e-01
2.542542542542541639e+00,1.335854844196588120e-01
2.552552552552553422e+00,1.334562298396149982e-01
2.562562562562561652e+00,1.333286386490027120e-01
2.572572572572571659e+00,1.332026928611231287e-01
2.582582582582581665e+00,1.330783744678185332e-01
2.592592592592591672e+00,1.329556654413943106e-01
2.602602602602603454e+00,1.328345477365317495e-01
2.612612612612611684e+00,1.327150032921894929e-01
2.622622622622621691e+00,1.325970140334942482e-01
2.632632632632633474e+00,1.324805618736195345e-01
2.642642642642641704e+00,1.323656287156517175e-01
2.652652652652653487e+00,1.322521964544431106e-01
2.662662662662661717e+00,1.321402469784515310e-01
2.672672672672671723e+00,1.320297621715656178e-01
2.682682682682683506e+00,1.319207239149151889e-01
2.692692692692691736e+00,1.318131140886668606e-01
2.702702702702703519e+00,1.317069145738030966e-01
2.712712712712711749e+00,1.316021072538856862e-01
2.722722722722721755e+00,1.314986740168019863e-01
2.732732732732733538e+00,1.313965967564942883e-01
2.742742742742741768e+00,1.312958573746710877e-01
2.752752752752751775e+00,1.311964377825004247e-01
2.762762762762761781e+00,1.310983199022847934e-01
2.772772772772771788e+00,1.310014856691168461e-01
2.782782782782783570e+00,1.309059170325158339e-01
2.792792792792791801e+00,1.308115959580444521e-01
2.802802802802801807e+00,1.307185044289052300e-01
2.812812812812813590e+00,1.306266244475169092e-01
2.822822822822821820e+00,1.305359380370698930e-01
2.832832832832833603e+00,1.304464272430602978e-01
2.842842842842841833e+00,1.303580741348034366e-01
2.852852852852851839e+00,1.302708608069245155e-01
2.862862862862863622e+00,1.301847693808284301e-01
2.872872872872871852e+00,1.300997820061470522e-01
2.882882882882881859e+00,1.300158808621635631e-01
2.892892892892891865e+00,1.299330481592151643e-01
2.902902902902901872e+00,1.298512661400720580e-01
2.912912912912913654e+00,1.297705170812938069e-01
2.922922922922921884e+00,1.296907832945626005e-01
2.932932932932931891e+00,1.296120471279927355e-01
2.942942942942941897e+00,1.295342909674169762e-01
2.952952952952951904e+00,1.294574972376491828e-01
2.962962962962963687e+00,1.293816484037227932e-01
2.972972972972971917e+00,1.293067269721060730e-01
2.982982982982981923e+00,1.292327154918928300e-01
2.992992992992993706e+00,1.291595965559692583e-01
3.003003003003001936e+00,1.290873528021568850e-01
3.013013013013013719e+00,1.290159669143309262e-01
3.023023023023021949e+00,1.289454216235148276e-01
3.033033033033031955e+00,1.288756997089501866e-01
3.043043043043043738e+00,1.288067839991426378e-01
3.053053053053051968e+00,1.287386573728835915e-01
3.063063063063061975e+00,1.286713027602471582e-01
3.073073073073071981e+00,1.286047031435634258e-01
3.083083083083081988e+00,1.285388415583672839e-01
3.093093093093093771e+00,1.284737010943228508e-01
3.103103103103102001e+00,1.284092648961240590e-01
3.113113113113112007e+00,1.283455161643710096e-01
3.123123123123122014e+00,1.282824381564222349e-01
3.133133133133132020e+00,1.282200141872232302e-01
3.143143143143143803e+00,1.281582276301108936e-01
3.153153153153152033e+00,1.280970619175944569e-01
3.163163163163162039e+00,1.280365005421123803e-01
3.173173173173173822e+00,1.279765270567661262e-01
3.183183183183182052e+00,1.279171250760302025e-01
3.193193193193193835e+00,1.278582782764390857e-01
3.203203203203202065e+00,1.277999703972508283e-01
3.213213213213212072e+00,1.277421852410877412e-01
3.223223223223223854e+00,1.276849066745542050e-01
3.233233233233232085e+00,1.276281186288316105e-01
3.243243243243242091e+00,1.275718051002510123e-01
3.253253253253252097e+00,1.275159501508431603e-01
3.263263263263262104e+00,1.274605379088663837e-01
3.273273273273273887e+00,1.274055525693125746e-01
3.283283283283282117e+00,1.273509783943909957e-01
3.293293293293292123e+00,1.272967997139907159e-01
3.303303303303303906e+00,1.272430009261215911e-01
3.313313313313312136e+00,1.271895664973337892e-01
3.323323323323323919e+00,1.271364809631162773e-01
3.333333333333332149e+00,1.270837289282746307e-01
3.343343343343342156e+00,1.270312950672878860e-01
3.353353353353353938e+00,1.269791641246454106e-01
3.363363363363362168e+00,1.269273209151632054e-01
3.373373373373372175e+00,1.268757503242801121e-01
3.383383383383382181e+00,1.268244373083346199e-01
3.393393393393392188e+00,1.267733668948219650e-01
3.403403403403403971e+00,1.267225241826317739e-01
3.413413413413412201e+00,1.266718943422668331e-01
3.423423423423422207e+00,1.266214626160429013e-01
3.433433433433432214e+00,1.265712143182698146e-01
3.443443443443442220e+00,1.265211348354143561e-01
3.453453453453454003e+00,1.264712096262450014e-01
3.463463463463462233e+00,1.264214242219585116e-01
3.473473473473472239e+00,1.263717642262890684e-01
3.483483483483484022e+00,1.263222153155999228e-01
3.493493493493492252e+00,1.262727632389579191e-01
3.503503503503504035e+00,1.262233938181907544e-01
3.513513513513512265e+00,1.261740929479279461e-01
3.523523523523522272e+00,1.261248465956250620e-01
3.533533533533534055e+00,1.260756408015717422e-01
3.543543543543542285e+00,1.260264616788838721e-01
3.553553553553552291e+00,1.259772954134796286e-01
3.563563563563562298e+00,1.259281281011412346e-01
3.573573573573572304e+00,1.258789430993567104e-01
3.583583583583584087e+00,1.258297214819932008e-01
3.593593593593594093e+00,1.257804443501062686e-01
3.603603603603604100e+00,1.257310929066459693e-01
3.613613613613615883e+00,1.256816484562725822e-01
3.623623623623624113e+00,1.256320924051453625e-01
3.633633633633635895e+00,1.255824062606832325e-01
3.643643643643644126e+00,1.255325716313000495e-01
3.653653653653654132e+00,1.254825702261127829e-01
3.663663663663665915e+00,1.254323838546243519e-01
3.673673673673674145e+00,1.253819944263811492e-01
3.683683683683684151e+00,1.253313839506058347e-01
3.693693693693694158e+00,1.252805345358051492e-01
3.703703703703704164e+00,1.252294283893545246e-01
3.713713713713715947e+00,1.251780478170582689e-01
3.723723723723724177e+00,1.251263752226872694e-01
3.733733733733734184e+00,1.250743931074930759e-01
3.743743743743744190e+00,1.250220840697005842e-01
3.753753753753754197e+00,1.249694308039776824e-01
3.763763763763765979e+00,1.249164161008838592e-01
3.773773773773774209e+00,1.248630228462974806e-01
3.783783783783784216e+00,1.248092340208218909e-01
3.793793793793795999e+00,1.247550326991711672e-01
3.803803803803804229e+00,1.247004020495356830e-01
3.813813813813816012e+00,1.246453253329275201e-01
3.823823823823824242e+00,1.245897859025068971e-01
3.833833833833834248e+00,1.245337672028887094e-01
3.843843843843846031e+00,1.244772527694307379e-01
3.853853853853854261e+00,1.244202262275031501e-01
3.863863863863864268e+00,1.243626712917392518e-01
3.873873873873874274e+00,1.243045717652691146e-01
3.883883883883884280e+00,1.242459115389346058e-01
3.893893893893896063e+00,1.241866745904876834e-01
3.903903903903904293e+00,1.241268449837710369e-01
3.913913913913914300e+00,1.240664068678821313e-01
3.923923923923924306e+00,1.240053444763203755e-01
3.933933933933934313e+00,1.239436421261180116e-01
3.943943943943946095e+00,1.238812844897422133e-01
3.953953953953954326e+00,1.238182718746616146e-01
3.963963963963964332e+00,1.237546282217445170e-01
3.973973973973976115e+00,1.236903793276753621e-01
3.983983983983984345e+00,1.236255508564241407e-01
3.993993993993996128e+00,1.235601683405223444e-01
4.004004004004004358e+00,1.234942571822816443e-01
4.014014014014014364e+00,1.234278426549538649e-01
4.024024024024026147e+00,1.233609499038353652e-01
4.034034034034034377e+00,1.232936039473150891e-01
4.044044044044044384e+00,1.232258296778674933e-01
4.054054054054054390e+00,1.231576518629916017e-01
4.064064064064064397e+00,1.230890951460962002e-01
4.074074074074076179e+00,1.230201840473323371e-01
4.084084084084084409e+00,1.229509429643738105e-01
4.094094094094094416e+00,1.228813961731462234e-01
4.104104104104104422e+00,1.228115678285053997e-01
4.114114114114114429e+00,1.227414819648657424e-01
4.124124124124126212e+00,1.226711624967794373e-01
4.134134134134134442e+00,1.226006332194667370e-01
4.144144144144144448e+00,1.225299178092982694e-01
4.154154154154156231e+00,1.224590398242302730e-01
4.164164164164164461e+00,1.223880227041925228e-01
4.174174174174174468e+00,1.223168897714303344e-01
4.184184184184184474e+00,1.222456642308013958e-01
4.194194194194194480e+00,1.221743691700270112e-01
4.204204204204206263e+00,1.221030275598995601e-01
4.214214214214214493e+00,1.220316622544458940e-01
4.224224224224224500e+00,1.219602959910476986e-01
4.234234234234234506e+00,1.218889513905193345e-01
4.244244244244244513e+00,1.218176509571437388e-01
4.254254254254256296e+00,1.217464170786669020e-01
4.264264264264264526e+00,1.216752720262513771e-01
4.274274274274274532e+00,1.216042379543899737e-01
4.284284284284286315e+00,1.215333369007794984e-01
4.294294294294294545e+00,1.214625907861556220e-01
4.304304304304306328e+00,1.213920214140890852e-01
4.314314314314314558e+00,1.213216500759049382e-01
4.324324324324324564e+00,1.212514821347957933e-01
4.334334334334336347e+00,1.211815021223070776e-01
4.344344344344344577e+00,1.211116932273291202e-01
4.354354354354354584e+00,1.210420387206726650e-01
4.364364364364364590e+00,1.209725219552521547e-01
4.374374374374374597e+00,1.209031263662447286e-01
4.384384384384386379e+00,1.208338354712253371e-01
4.394394394394394610e+00,1.207646328702790400e-01
4.404404404404404616e+00,1.206955022460896171e-01
4.414414414414414622e+00,1.206264273640056534e-01
4.424424424424424629e+00,1.205573920720843795e-01
4.434434434434436412e+00,1.204883803011127796e-01
4.444444444444444642e+00,1.204193760646074668e-01
4.454454454454454648e+00,1.203503634587922005e-01
4.464464464464466431e+00,1.202813266625549216e-01
4.474474474474474661e+00,1.202122499373831227e-01
4.484484484484486444e+00,1.201431176272789308e-01
4.494494494494494674e+00,1.200739141586536912e-01
4.504504504504504681e+00,1.200046240402022624e-01
4.514514514514516463e+00,1.199352318627577019e-01
4.524524524524524693e+00,1.198657222991265231e-01
4.534534534534534700e+00,1.197960801039042317e-01
4.544544544544544706e+00,1.197262901132724044e-01
4.554554554554554713e+00,1.196563372447769641e-01
4.564564564564566496e+00,1.195862064970878019e-01
4.574574574574574726e+00,1.195158829497408315e-01
4.584584584584584732e+00,1.194453517628613487e-01
4.594594594594594739e+00,1.193745981768708636e-01
4.604604604604604745e+00,1.193036075121757106e-01
4.614614614614616528e+00,1.192323651688392272e-01
4.624624624624624758e+00,1.191608566262368080e-01
4.634634634634634764e+00,1.190890674426945822e-01
4.644644644644646547e+00,1.190169832551118134e-01
4.654654654654654777e+00,1.189445897785673251e-01
4.664664664664664784e+00,1.188718728059098284e-01
4.674674674674674790e+00,1.187988212075523353e-01
4.684684684684684797e+00,1.187254564655582240e-01
4.694694694694696580e+00,1.186518198902109245e-01
4.704704704704704810e+00,1.185779528644223674e-01
4.714714714714714816e+00,1.185038965547166173e-01
4.724724724724724823e+00,1.184296919120541719e-01
4.734734734734734829e+00,1.183553796725115431e-01
4.744744744744746612e+00,1.182810003578182584e-01
4.754754754754754842e+00,1.182065942757536264e-01
4.764764764764764848e+00,1.181322015204044062e-01
4.774774774774774855e+00,1.180578619722863487e-01
4.784784784784784861e+00,1.179836152983306657e-01
4.794794794794796644e+00,1.179095009517378001e-01
4.804804804804804874e+00,1.178355581717006190e-01
4.814814814814814881e+00,1.177618259829982805e-01
4.824824824824826663e+00,1.176883431954633685e-01
4.834834834834834894e+00,1.176151484033242378e-01
4.844844844844844900e+00,1.175422799844237087e-01
4.854854854854854906e+00,1.174697760993173301e-01
4.864864864864864913e+00,1.173976746902523211e-01
4.874874874874876696e+00,1.173260134800293147e-01
4.884884884884884926e+00,1.172548299707495550e-01
4.894894894894894932e+00,1.171841614424486561e-01
4.904904904904904939e+00,1.171140449516200471e-01
4.914914914914914945e+00,1.170445173296295882e-01
4.924924924924926728e+00,1.169756151810235484e-01
4.934934934934934958e+00,1.169073748817327507e-01
4.944944944944944965e+00,1.168398325771741048e-01
4.954954954954954971e+00,1.167730241802531765e-01
4.964964964964964977e+00,1.167069853692689757e-01
4.974974974974976760e+00,1.166417515857236797e-01
4.984984984984984990e+00,1.165773580320404734e-01
4.994994994994994997e+00,1.165138396691904749e-01
5.005005005005006780e+00,1.164512312142329808e-01
5.015015015015015010e+00,1.163895670571462315e-01
5.025025025025025016e+00,1.163288549491201807e-01
5.035035035035035023e+00,1.162690383497810981e-01
5.045045045045045029e+00,1.162100514335430990e-01
5.055055055055056812e+00,1.161518287280838557e-01
5.065065065065065042e+00,1.160943051184963881e-01
5.075075075075075048e+00,1.160374158510509152e-01
5.085085085085085055e+00,1.159810965365715429e-01
5.095095095095095061e+00,1.159252831534335476e-01
5.105105105105106844e+00,1.158699120501864299e-01
5.115115115115115074e+00,1.158149199478087504e-01
5.125125125125125081e+00,1.157602439415995055e-01
5.135135135135136863e+00,1.157058215027134129e-01
5.145145145145145094e+00,1.156515904793443544e-01
5.155155155155156876e+00,1.155974890975636910e-01
5.165165165165165106e+00,1.155434559618196411e-01
5.175175175175175113e+00,1.154894300551026626e-01
5.185185185185186896e+00,1.154353507387839844e-01
5.195195195195195126e+00,1.153811577521323406e-01
5.205205205205205132e+00,1.153267912115150534e-01
5.215215215215215139e+00,1.152721916092896565e-01
5.225225225225225145e+00,1.152172998123912606e-01
5.235235235235236928e+00,1.151620570606219085e-01
5.245245245245245158e+00,1.151064049646473297e-01
5.255255255255255165e+00,1.150502855037064814e-01
5.265265265265265171e+00,1.149936410230399386e-01
5.275275275275275177e+00,1.149364142310415338e-01
5.285285285285286960e+00,1.148785481961393518e-01
5.295295295295295190e+00,1.148199863434105489e-01
5.305305305305305197e+00,1.147606724509350057e-01
5.315315315315316980e+00,1.147005506458929902e-01
5.325325325325325210e+00,1.146395654004108144e-01
5.335335335335335216e+00,1.145776615271591470e-01
5.345345345345345223e+00,1.145147841747084644e-01
5.355355355355355229e+00,1.144508873636097684e-01
5.365365365365367012e+00,1.143859869742828023e-01
5.375375375375375242e+00,1.143201257950186706e-01
5.385385385385385248e+00,1.142533464698810980e-01
5.395395395395395255e+00,1.141856913858091543e-01
5.405405405405405261e+00,1.141172026760393643e-01
5.415415415415417044e+00,1.140479222233544143e-01
5.425425425425425274e+00,1.139778916631607880e-01
5.435435435435435281e+00,1.139071523863991048e-01
5.445445445445445287e+00,1.138357455422891046e-01
5.455455455455455294e+00,1.137637120409129982e-01
5.465465465465467076e+00,1.136910925556389729e-01
5.475475475475475307e+00,1.136179275253880877e-01
5.485485485485485313e+00,1.135442571567466113e-01
5.495495495495497096e+00,1.134701214259265512e-01
5.505505505505505326e+00,1.133955600805767877e-01
5.515515515515515332e+00,1.133206126414465914e-01
5.525525525525525339e+00,1.132453184039045879e-01
5.535535535535535345e+00,1.131697164393148797e-01
5.545545545545547128e+00,1.130938455962721828e-01
5.555555555555555358e+00,1.130177445016994076e-01
5.565565565565565365e+00,1.129414515618075987e-01
5.575575575575575371e+00,1.128650049629228019e-01
5.585585585585585378e+00,1.127884426721798006e-01
5.595595595595597160e+00,1.127118024380859701e-01
5.605605605605605390e+00,1.126351217909565550e-01
5.615615615615615397e+00,1.125584380432237547e-01
5.625625625625625403e+00,1.124817882896213678e-01
5.635635635635635410e+00,1.124052094072469504e-01
5.645645645645647193e+00,1.123287380555033216e-01
5.655655655655655423e+00,1.122524106759218709e-01
5.665665665665665429e+00,1.121762634918683083e-01
5.675675675675677212e+00,1.121003311159513433e-01
5.685685685685685442e+00,1.120246235367613752e-01
5.695695695695695449e+00,1.119491298749285685e-01
5.705705705705705455e+00,1.118738386404678209e-01
5.715715715715715461e+00,1.117987384030421361e-01
5.725725725725727244e+00,1.117238177921295872e-01
5.735735735735735474e+00,1.116490654971783042e-01
5.745745745745745481e+00,1.115744702677486239e-01
5.755755755755755487e+00,1.115000209136434439e-01
5.765765765765765494e+00,1.114257063050262675e-01
5.775775775775777277e+00,1.113515153725274931e-01
5.785785785785785507e+00,1.112774371073389501e-01
5.795795795795795513e+00,1.112034605612966798e-01
5.805805805805805520e+00,1.111295748469524475e-01
5.815815815815815526e+00,1.110557691376340694e-01
5.825825825825827309e+00,1.109820326674942348e-01
5.835835835835835539e+00,1.109083547315488499e-01
5.845845845845845545e+00,1.108347246857040863e-01
5.855855855855857328e+00,1.107611319467730893e-01
5.865865865865865558e+00,1.106875659924821675e-01
5.875875875875875565e+00,1.106140163614663940e-01
5.885885885885885571e+00,1.105404726532551729e-01
5.895895895895895578e+00,1.104669245282479256e-01
5.905905905905907360e+00,1.103933617076795076e-01
5.915915915915915591e+00,1.103197739735762434e-01
5.925925925925925597e+00,1.102461511687021500e-01
5.935935935935935603e+00,1.101724831964958073e-01
5.945945945945945610e+00,1.100987600209981099e-01
5.955955955955957393e+00,1.100249716667704714e-01
5.965965965965965623e+00,1.099511082188046746e-01
5.975975975975975629e+00,1.098771598224230761e-01
5.985985985985987412e+00,1.098031168128130869e-01
5.995995995995995642e+00,1.097289748245740965e-01
6.006006006006005649e+00,1.096547364383101963e-01
6.016016016016015655e+00,1.095804046927364439e-01
6.026026026026025662e+00,1.095059826075328868e-01
6.036036036036037444e+00,1.094314731833818666e-01
6.046046046046045674e+00,1.093568794020046836e-01
6.056056056056055681e+00,1.092822042261968885e-01
6.066066066066065687e+00,1.092074505998632955e-01
6.076076076076075694e+00,1.091326214480516366e-01
6.086086086086087477e+00,1.090577196769855484e-01
6.096096096096095707e+00,1.089827481740967829e-01
6.106106106106105713e+00,1.089077098080564188e-01
6.116116116116115720e+00,1.088326074288054612e-01
6.126126126126125726e+00,1.087574438675844579e-01
6.136136136136137509e+00,1.086822219369624615e-01
6.146146146146145739e+00,1.086069444308652293e-01
6.156156156156155745e+00,1.085316141246024518e-01
6.166166166166167528e+00,1.084562337748944949e-01
6.176176176176175758e+00,1.083808061198984762e-01
6.186186186186185765e+00,1.083053338792330650e-01
6.196196196196195771e+00,1.082298197540033369e-01
6.206206206206205778e+00,1.081542664268244497e-01
6.216216216216217560e+00,1.080786765618446804e-01
6.226226226226225791e+00,1.080030528047680322e-01
6.236236236236235797e+00,1.079273977828759529e-01
6.246246246246245803e+00,1.078517141050484296e-01
6.256256256256255810e+00,1.077760043617847358e-01
6.266266266266267593e+00,1.077002711252230821e-01
6.276276276276275823e+00,1.076245169491602816e-01
6.286286286286285829e+00,1.075487443582942293e-01
6.296296296296295836e+00,1.074729547662441470e-01
6.306306306306305842e+00,1.073971475601550873e-01
6.316316316316317625e+00,1.073213219114811934e-01
6.326326326326325855e+00,1.072454769947005920e-01
6.336336336336335862e+00,1.071696119873137704e-01
6.346346346346347644e+00,1.070937260698430621e-01
6.356356356356355874e+00,1.070178184258311210e-01
6.366366366366365881e+00,1.069418882418397276e-01
6.376376376376375887e+00,1.068659347074485538e-01
6.386386386386385894e+00,1.067899570152538863e-01
6.396396396396397677e+00,1.067139543608670305e-01
6.406406406406405907e+00,1.066379259429131171e-01
6.416416416416415913e+00,1.065618709630292427e-01
6.426426426426425920e+00,1.064857886258631647e-01
6.436436436436435926e+00,1.064096781390716506e-01
6.446446446446447709e+00,1.063335387133185761e-01
6.456456456456455939e+00,1.062573695622735792e-01
6.466466466466465945e+00,1.061811699026098260e-01
6.476476476476475952e+00,1.061049389540024146e-01
6.486486486486485958e+00,1.060286759391265571e-01
6.496496496496495965e+00,1.059523800836553453e-01
6.506506506506505971e+00,1.058760506162580717e-01
6.516516516516515978e+00,1.057996867685979392e-01
6.526526526526527761e+00,1.057232877753300215e-01
6.536536536536535991e+00,1.056468528740992091e-01
6.546546546546545997e+00,1.055703813055379053e-01
6.556556556556556004e+00,1.054938723132637507e-01
6.566566566566566010e+00,1.054173251438774300e-01
6.576576576576577793e+00,1.053407390474770111e-01
6.586586586586586023e+00,1.052641135075342987e-01
6.596596596596596029e+00,1.051874486002853520e-01
6.606606606606606036e+00,1.051107444930604318e-01
6.616616616616616042e+00,1.050340013501152858e-01
6.626626626626627825e+00,1.049572193326359648e-01
6.636636636636636055e+00,1.048803985987439985e-01
6.646646646646646062e+00,1.048035393035009338e-01
6.656656656656656068e+00,1.047266415989134558e-01
6.666666666666666075e+00,1.046497056339383003e-01
6.676676676676676081e+00,1.045727315544871527e-01
6.686686686686686087e+00,1.044957195034314362e-01
6.696696696696696094e+00,1.044186696206073905e-01
6.706706706706707877e+00,1.043415820428209156e-01
6.716716716716716107e+00,1.042644569038526370e-01
6.726726726726726113e+00,1.041872943344624852e-01
6.736736736736736120e+00,1.041100944623949975e-01
6.746746746746746126e+00,1.040328574123840916e-01
6.756756756756757909e+00,1.039555833061580198e-01
6.766766766766766139e+00,1.038782722624443516e-01
6.776776776776776146e+00,1.038009243969748030e-01
6.786786786786786152e+00,1.037235398224903710e-01
6.796796796796797935e+00,1.036461186487461494e-01
6.806806806806807941e+00,1.035686609825164084e-01
6.816816816816817948e+00,1.034911669275994095e-01
6.826826826826827954e+00,1.034136365848225686e-01
6.836836836836839737e+00,1.033360700520472436e-01
6.846846846846847967e+00,1.032584674241739803e-01
6.856856856856857974e+00,1.031808287931471335e-01
6.866866866866867980e+00,1.031031542142942792e-01
6.876876876876877986e+00,1.030254436080644403e-01
6.886886886886889769e+00,1.029476968606722470e-01
6.896896896896897999e+00,1.028699138567507609e-01
6.906906906906908006e+00,1.027920944793545704e-01
6.916916916916918012e+00,1.027142386099635513e-01
6.926926926926928019e+00,1.026363461284860584e-01
6.936936936936939802e+00,1.025584169132624929e-01
6.946946946946948032e+00,1.024804508410688403e-01
6.956956956956958038e+00,1.024024477871198352e-01
6.966966966966969821e+00,1.023244076250727080e-01
6.976976976976978051e+00,1.022463302270305852e-01
6.986986986986988057e+00,1.021682154635458195e-01
6.996996996996998064e+00,1.020900632036236544e-01
7.007007007007007182e+00,1.020118733147256374e-01
7.017017017017017189e+00,1.019336456627730758e-01
7.027027027027028083e+00,1.018553801121506314e-01
7.037037037037037202e+00,1.017770765257096088e-01
7.047047047047048096e+00,1.016987347647718559e-01
7.057057057057056326e+00,1.016203546891328441e-01
7.067067067067067221e+00,1.015419361570653739e-01
7.077077077077078116e+00,1.014634790253232804e-01
7.087087087087087234e+00,1.013849831491446807e-01
7.097097097097098128e+00,1.013064483822556233e-01
7.107107107107108135e+00,1.012278745768736693e-01
7.117117117117117253e+00,1.011492615837114029e-01
7.127127127127128148e+00,1.010706092519799704e-01
7.137137137137137266e+00,1.009919174450161355e-01
7.147147147147147273e+00,1.009131861392022628e-01
7.157157157157158167e+00,1.008344153595658876e-01
7.167167167167167285e+00,1.007556051286010862e-01
7.177177177177178180e+00,1.006767554660362995e-01
7.187187187187187298e+00,1.005978663888399682e-01
7.197197197197197305e+00,1.005189379112252784e-01
7.207207207207208199e+00,1.004399700446555882e-01
7.217217217217217318e+00,1.003609627978498536e-01
7.227227227227228212e+00,1.002819161767873751e-01
7.237237237237238219e+00,1.002028301847135289e-01
7.247247247247247337e+00,1.001237048221446241e-01
7.257257257257258232e+00,1.000445400868734125e-01
7.267267267267267350e+00,9.996533597397420923e-02
7.277277277277277356e+00,9.988609247580830519e-02
7.287287287287288251e+00,9.980680958202901853e-02
7.297297297297297369e+00,9.972748727958723192e-02
7.307307307307308264e+00,9.964812555273662442e-02
7.317317317317317382e+00,9.956872438303886186e-02
7.327327327327327389e+00,9.948928374936896746e-02
7.337337337337338283e+00,9.940980362792072034e-02
7.347347347347347402e+00,9.933028399221201232e-02
7.357357357357358296e+00,9.925072481309006600e-02
7.367367367367367414e+00,9.917112605873686093e-02
7.377377377377377421e+00,9.909148769467446272e-02
7.387387387387387427e+00,9.901180968377058800e-02
7.397397397397398322e+00,9.893209198335356502e-02
7.407407407407408328e+00,9.885233448420099878e-02
7.417417417417417447e+00,9.877253701244456674e-02
7.427427427427427453e+00,9.869269938991756530e-02
7.437437437437437460e+00,9.861282143678982981e-02
7.447447447447448354e+00,9.853290297157206445e-02
7.457457457457457473e+00,9.845294381112007498e-02
7.467467467467467479e+00,9.837294377063880713e-02
7.477477477477477485e+00,9.829290266368687079e-02
7.487487487487488380e+00,9.821282030218043968e-02
7.497497497497498387e+00,9.813269649639780323e-02
7.507507507507507505e+00,9.805253105498339117e-02
7.517517517517517511e+00,9.797232378495211724e-02
7.527527527527527518e+00,9.789207449169362585e-02
7.537537537537538412e+00,9.781178297897655249e-02
7.547547547547547531e+00,9.773144904895283980e-02
7.557557557557557537e+00,9.765107250216197021e-02
7.567567567567567544e+00,9.757065313753525426e-02
7.577577577577578438e+00,9.749019075240014653e-02
7.587587587587588445e+00,9.740968514248458943e-02
7.597597597597597563e+00,9.732913610192120424e-02
7.607607607607607569e+00,9.724854342325167655e-02
7.617617617617618464e+00,9.716790689743108611e-02
7.627627627627628470e+00,9.708722631383226442e-02
7.637637637637637589e+00,9.700650146025001364e-02
7.647647647647647595e+00,9.692573212296262675e-02
7.657657657657657602e+00,9.684491817790892576e-02
7.667667667667668496e+00,9.676405977460374175e-02
7.677677677677678503e+00,9.668315711015360026e-02
7.687687687687687621e+00,9.660221037693909885e-02
7.697697697697697627e+00,9.652121976262367786e-02
7.707707707707708522e+00,9.644018545016215527e-02
7.717717717717718529e+00,9.635910761780958067e-02
7.727727727727727647e+00,9.627798643912972854e-02
7.737737737737737653e+00,9.619682208300386894e-02
7.747747747747747660e+00,9.611561471363948284e-02
7.757757757757758554e+00,9.603436449057890789e-02
7.767767767767768561e+00,9.595307156870813703e-02
7.777777777777777679e+00,9.587173609826545040e-02
7.787787787787787686e+00,9.579035822485026941e-02
7.797797797797798580e+00,9.570893808943169156e-02
7.807807807807808587e+00,9.562747582835751103e-02
7.817817817817817705e+00,9.554597157336287838e-02
7.827827827827827711e+00,9.546442545157900195e-02
7.837837837837837718e+00,9.538283758554207126e-02
7.847847847847848612e+00,9.530120809320197228e-02
7.857857857857857731e+00,9.521953708793125248e-02
7.867867867867867737e+00,9.513782467853375280e-02
7.877877877877877744e+00,9.505607096925365596e-02
7.887887887887888638e+00,9.497427605978421561e-02
7.897897897897898645e+00,9.489244002496480257e-02
7.907907907907907763e+00,9.481056252731699663e-02
7.917917917917917769e+00,9.472864285097645776e-02
7.927927927927927776e+00,9.464668026766501208e-02
7.937937937937938671e+00,9.456467405101098844e-02
7.947947947947947789e+00,9.448262347654934334e-02
7.957957957957957795e+00,9.440052782172203560e-02
7.967967967967967802e+00,9.431838636587824842e-02
7.977977977977978696e+00,9.423619839027462530e-02
7.987987987987988703e+00,9.415396317807531168e-02
7.997997997997997821e+00,9.407168001435216309e-02
8.008008008008008716e+00,9.398934818608478681e-02
8.018018018018018722e+00,9.390696698216050020e-02
8.028028028028028729e+00,9.382453569337453891e-02
8.038038038038038735e+00,9.374205361242976542e-02
8.048048048048048742e+00,9.365952003393675229e-02
8.058058058058058748e+00,9.357693425441356017e-02
8.068068068068068754e+00,9.349429557228569609e-02
8.078078078078078761e+00,9.341160328788575273e-02
8.088088088088088767e+00,9.332885670345343609e-02
8.098098098098098774e+00,9.324605512313491329e-02
8.108108108108108780e+00,9.316319785298285416e-02
8.118118118118118787e+00,9.308028420095593169e-02
8.128128128128128793e+00,9.299731347691848893e-02
8.138138138138138800e+00,9.291428524061395855e-02
8.148148148148148806e+00,9.283120096810520971e-02
8.158158158158158813e+00,9.274806301241239614e-02
8.168168168168168819e+00,9.266487370872573959e-02
8.178178178178178825e+00,9.258163536938532334e-02
8.188188188188188832e+00,9.249835028391721614e-02
8.198198198198198838e+00,9.241502071906922133e-02
8.208208208208208845e+00,9.233164891884625136e-02
8.218218218218218851e+00,9.224823710454480019e-02
8.228228228228228858e+00,9.216478747478731859e-02
8.238238238238238864e+00,9.208130220555560408e-02
8.248248248248248871e+00,9.199778345022431580e-02
8.258258258258258877e+00,9.191423333959350406e-02
8.268268268268268884e+00,9.183065398192095941e-02
8.278278278278278890e+00,9.174704746295408997e-02
8.288288288288288896e+00,9.166341584596134073e-02
8.298298298298298903e+00,9.157976117176327979e-02
8.308308308308308909e+00,9.149608545876332377e-02
8.318318318318318916e+00,9.141239070297789426e-02
8.328328328328328922e+00,9.132867887806646323e-02
8.338338338338338929e+00,9.124495193536115434e-02
8.348348348348348935e+00,9.116121180389613610e-02
8.358358358358358942e+00,9.107746039043634889e-02
8.368368368368368948e+00,9.099369846171374843e-02
8.378378378378378954e+00,9.090991944679116532e-02
8.388388388388388961e+00,9.082611387470734821e-02
8.398398398398398967e+00,9.074227233987597341e-02
8.408408408408408974e+00,9.065838551022777081e-02
8.418418418418418980e+00,9.057444412711483650e-02
8.428428428428428987e+00,9.049043900520566119e-02
8.438438438438438993e+00,9.040636103237083276e-02
8.448448448448449000e+00,9.032220116955948230e-02
8.458458458458459006e+00,9.023795045066677900e-02
8.468468468468469013e+00,9.015359998239289019e-02
8.478478478478479019e+00,9.006914094409337879e-02
8.488488488488489025e+00,8.998456458762077448e-02
8.498498498498499032e+00,8.989986223715873415e-02
8.508508508508509038e+00,8.981502528904758420e-02
8.518518518518519045e+00,8.973004521160247993e-02
8.528528528528529051e+00,8.964491354492390429e-02
8.538538538538539058e+00,8.955962190070038131e-02
8.548548548548549064e+00,8.947416196200454197e-02
8.558558558558559071e+00,8.938852548308166834e-02
8.568568568568569077e+00,8.930270428913157643e-02
8.578578578578579084e+00,8.921669027608375435e-02
8.588588588588589090e+00,8.913047747199431825e-02
8.598598598598599096e+00,8.904408496410902429e-02
8.608608608608609103e+00,8.895754830795389589e-02
8.618618618618619109e+00,8.887090305430807302e-02
8.628628628628629116e+00,8.878418444585563229e-02
8.638638638638639122e+00,8.869742741780244077e-02
8.648648648648649129e+00,8.861066659835389880e-02
8.658658658658659135e+00,8.852393630905673605e-02
8.668668668668669142e+00,8.843727056500830241e-02
8.678678678678679148e+00,8.835070307493640696e-02
8.688688688688689155e+00,8.826426724115334077e-02
8.698698698698699161e+00,8.817799615938672064e-02
8.708708708708709167e+00,8.809192261849096983e-02
8.718718718718719174e+00,8.800607910004210055e-02
8.728728728728729180e+00,8.792049777781980879e-02
8.738738738738739187e+00,8.783521051717904649e-02
8.748748748748749193e+00,8.775024887431538689e-02
8.758758758758759200e+00,8.766564409542665359e-02
8.768768768768769206e+00,8.758142711577437955e-02
8.778778778778779213e+00,8.749762855864849642e-02
8.788788788788789219e+00,8.741427873423826544e-02
8.798798798798799226e+00,8.733140736473909982e-02
8.808808808808809232e+00,8.724899548323163112e-02
8.818818818818819238e+00,8.716692089049632441e-02
8.828828828828829245e+00,8.708504916063634915e-02
8.838838838838839251e+00,8.700324707490299236e-02
8.848848848848849258e+00,8.692138262258199133e-02
8.858858858858859264e+00,8.683932499984593767e-02
8.868868868868869271e+00,8.675694460662179697e-02
8.878878878878879277e+00,8.667411304152534968e-02
8.888888888888889284e+00,8.659070309491170847e-02
8.898898898898899290e+00,8.650658874009063692e-02
8.908908908908909297e+00,8.642164512275488097e-02
8.918918918918919303e+00,8.633574854866739312e-02
8.928928928928929309e+00,8.624877646965274647e-02
8.938938938938939316e+00,8.616060746793552383e-02
8.948948948948949322e+00,8.607112123886727362e-02
8.958958958958959329e+00,8.598019857208102912e-02
8.968968968968969335e+00,8.588772133111065299e-02
8.978978978978979342e+00,8.579357243150914636e-02
8.988988988988989348e+00,8.569763581749852144e-02
8.998998998998999355e+00,8.559979643718054754e-02
9.009009009009009361e+00,8.549994687724669917e-02
9.019019019019019368e+00,8.539813964717403449e-02
9.029029029029029374e+00,8.529458894874818176e-02
9.039039039039039380e+00,8.518951444695704867e-02
9.049049049049049387e+00,8.508313393414132508e-02
9.059059059059059393e+00,8.497566336654230335e-02
9.069069069069069400e+00,8.486731689515587818e-02
9.079079079079079406e+00,8.475830689101468418e-02
9.089089089089089413e+00,8.464884396501340391e-02
9.099099099099099419e+00,8.453913698238844920e-02
9.109109109109109426e+00,8.442939307195870824e-02
9.119119119119119432e+00,8.431981763023171927e-02
9.129129129129129439e+00,8.421061432047793893e-02
9.139139139139139445e+00,8.410198506687585618e-02
9.149149149149149451e+00,8.399413004383028680e-02
9.159159159159159458e+00,8.388724766056872284e-02
9.169169169169169464e+00,8.378153454112217957e-02
9.179179179179179471e+00,8.367718549980134035e-02
9.189189189189189477e+00,8.357439351228157509e-02
9.199199199199199484e+00,8.347334968241719444e-02
9.209209209209209490e+00,8.337423755012884907e-02
9.219219219219219497e+00,8.327708230577793302e-02
9.229229229229229503e+00,8.318173615843919844e-02
9.239239239239239510e+00,8.308804354160560790e-02
9.249249249249249516e+00,8.299585012547604224e-02
9.259259259259259522e+00,8.290500284471535863e-02
9.269269269269269529e+00,8.281534992320567501e-02
9.279279279279279535e+00,8.272674089583929857e-02
9.289289289289289542e+00,8.263902662740683913e-02
9.299299299299299548e+00,8.255205932863715623e-02
9.309309309309309555e+00,8.246569256944864812e-02
9.319319319319319561e+00,8.237978128947280598e-02
9.329329329329329568e+00,8.229418180591330234e-02
9.339339339339339574e+00,8.220875181880428484e-02
9.349349349349349581e+00,8.212335041373330924e-02
9.359359359359359587e+00,8.203783806209365148e-02
9.369369369369369593e+00,8.195207661893187667e-02
9.379379379379379600e+00,8.186592931845497467e-02
9.389389389389389606e+00,8.177926076726187155e-02
9.399399399399399613e+00,8.169193697322428560e-02
9.409409409409409619e+00,8.160387395133514299e-02
9.419419419419419626e+00,8.151513232393724218e-02
9.429429429429429632e+00,8.142579855132808797e-02
9.439439439439439639e+00,8.133595825027623016e-02
9.449449449449449645e+00,8.124569620054464258e-02
9.459459459459459651e+00,8.115509635048472059e-02
9.469469469469469658e+00,8.106424182172429493e-02
9.479479479479479664e+00,8.097321491297362894e-02
9.489489489489489671e+00,8.088209710297232513e-02
9.499499499499499677e+00,8.079096905259956773e-02
9.509509509509509684e+00,8.069991060617057177e-02
9.519519519519519690e+00,8.060900079194101286e-02
9.529529529529529697e+00,8.051831782184194763e-02
9.539539539539539703e+00,8.042793909046667966e-02
9.549549549549549710e+00,8.033794117333217799e-02
9.559559559559559716e+00,8.024839982443644770e-02
9.569569569569569722e+00,8.015938997313425129e-02
9.579579579579579729e+00,8.007098572035345474e-02
9.589589589589589735e+00,7.998325774207606931e-02
9.599599599599599742e+00,7.989616826399502381e-02
9.609609609609609748e+00,7.980953610307237045e-02
9.619619619619619755e+00,7.972317188766853135e-02
9.629629629629629761e+00,7.963688818939874958e-02
9.639639639639639768e+00,7.955049952504468502e-02
9.649649649649649774e+00,7.946382235407364880e-02
9.659659659659659781e+00,7.937667507189047345e-02
9.669669669669669787e+00,7.928887799894689115e-02
9.679679679679679793e+00,7.920025336582944830e-02
9.689689689689689800e+00,7.911062529444590208e-02
9.699699699699699806e+00,7.901981977542492375e-02
9.709709709709709813e+00,7.892766464184086672e-02
9.719719719719719819e+00,7.883398953936972264e-02
9.729729729729729826e+00,7.873862589297729586e-02
9.739739739739739832e+00,7.864140687023425669e-02
9.749749749749749839e+00,7.854216734134657207e-02
9.759759759759759845e+00,7.844074383598266531e-02
9.769769769769769852e+00,7.833697655316218533e-02
9.779779779779779858e+00,7.823086380105426230e-02
9.789789789789789864e+00,7.812266739402989879e-02
9.799799799799799871e+00,7.801267186161128797e-02
9.809809809809809877e+00,7.790115895124027912e-02
9.819819819819819884e+00,7.778840768881833956e-02
9.829829829829829890e+00,7.767469442884279707e-02
9.839839839839839897e+00,7.756029289439431151e-02
9.849849849849849903e+00,7.744547420721496767e-02
9.859859859859859910e+00,7.733050690810705508e-02
9.869869869869869916e+00,7.721565696787364985e-02
9.879879879879879923e+00,7.710118778901799141e-02
9.889889889889889929e+00,7.698736019841599665e-02
9.899899899899899935e+00,7.687443243117692004e-02
9.909909909909909942e+00,7.676266010591020761e-02
9.919919919919919948e+00,7.665229619162162999e-02
9.929929929929929955e+00,7.654359096646984328e-02
9.939939939939939961e+00,7.643679196862442071e-02
9.949949949949949968e+00,7.633210906105172833e-02
9.959959959959959974e+00,7.622950777260223409e-02
9.969969969969969981e+00,7.612885122269630322e-02
9.979979979979979987e+00,7.603000328197365154e-02
9.989989989989989994e+00,7.593282898005723758e-02
1.000000000000000000e+01,7.583719453460906201e-02
1.000999999999999979e+01,7.583719453460906201e-02
