      L       W    Grid       Energy    EnergyErr        Force     ForceErr Status
 10.000   0.000   0.500   -4.206e-05    1.807e-07   -1.557e-05    4.158e-08    0
 10.000 100.000   0.400   -2.477e-08    1.858e-10   -9.664e-10    3.944e-12    0
 10.000 100.000   0.500   -2.443e-08    1.799e-10   -9.538e-10    3.881e-12    0
 10.000  20.000   0.500   -4.180e-05    1.709e-07   -1.553e-05    4.164e-08    0
 10.000  40.000   0.500   -3.846e-05    1.405e-07   -1.481e-05    3.472e-08    0
 10.000  50.000   0.500   -2.302e-05    1.391e-07   -8.657e-06    2.193e-08    0
 10.000  60.000   0.400   -4.508e-06    3.860e-08   -1.000e-06    4.518e-09    0
 10.000  60.000   0.500   -4.453e-06    3.806e-08   -9.879e-07    4.452e-09    0
 10.000  80.000   0.400   -1.879e-07    1.624e-09   -1.355e-08    6.711e-11    0
 10.000  80.000   0.500   -1.855e-07    1.594e-09   -1.338e-08    6.612e-11    0
 15.000   0.000   0.500   -8.916e-06    4.325e-08   -2.343e-06    7.100e-09    0
 15.000 100.000   0.500   -1.993e-08    1.382e-10   -8.442e-10    3.140e-12    0
 15.000  20.000   0.500   -8.793e-06    3.975e-08   -2.327e-06    7.001e-09    0
 15.000  40.000   0.400   -7.680e-06    3.760e-08   -2.120e-06    4.774e-09    0
 15.000  40.000   0.500   -7.589e-06    3.714e-08   -2.096e-06    4.715e-09    0
 15.000  50.000   0.500   -4.775e-06    3.352e-08   -1.269e-06    4.591e-09    0
 15.000  60.000   0.400   -1.608e-06    1.358e-08   -3.062e-07    1.418e-09    0
 15.000  60.000   0.500   -1.589e-06    1.338e-08   -3.024e-07    1.399e-09    0
 15.000  80.000   0.400   -1.292e-07    1.060e-09   -9.953e-09    4.636e-11    0
 15.000  80.000   0.500   -1.276e-07    1.038e-09   -9.824e-09    4.566e-11    0
  1.000   0.000   0.500   -3.436e-02    1.529e-04   -7.810e-02    2.150e-04    0
  1.000 100.000   0.400   -3.405e-08    2.380e-10   -1.077e-09    3.338e-12    0
  1.000 100.000   0.500   -3.362e-08    2.275e-10   -1.063e-09    3.281e-12    0
  1.000  20.000   0.500   -3.435e-02    1.529e-04   -7.806e-02    2.150e-04    0
  1.000  40.000   0.400   -3.491e-02    1.535e-04   -7.989e-02    2.176e-04    0
  1.000  40.000   0.500   -3.432e-02    1.517e-04   -7.806e-02    2.147e-04    0
  1.000  50.000   0.500   -1.971e-02    7.782e-05   -4.407e-02    1.101e-04    0
  1.000  60.000   0.400   -3.615e-05    2.764e-07   -7.522e-06    2.437e-08    0
  1.000  60.000   0.500   -3.567e-05    2.724e-07   -7.413e-06    2.397e-08    0
  1.000  80.000   0.400   -3.353e-07    2.550e-09   -1.844e-08    6.925e-11    0
  1.000  80.000   0.500   -3.310e-07    2.499e-09   -1.820e-08    6.807e-11    0
 20.000   0.000   0.500   -2.808e-06    1.275e-08   -5.744e-07    1.649e-09    0
 20.000 100.000   0.400   -1.624e-08    1.088e-10   -7.297e-10    2.941e-12    0
 20.000 100.000   0.500   -1.602e-08    1.101e-10   -7.202e-10    2.895e-12    0
 20.000  20.000   0.500   -2.742e-06    1.189e-08   -5.666e-07    1.536e-09    0
 20.000  40.000   0.500   -2.251e-06    1.164e-08   -4.837e-07    1.126e-09    0
 20.000  50.000   0.400   -1.508e-06    1.063e-08   -3.096e-07    1.176e-09    0
 20.000  50.000   0.500   -1.490e-06    1.051e-08   -3.059e-07    1.161e-09    0
 20.000  60.000   0.500   -6.594e-07    5.378e-09   -1.071e-07    4.924e-10    0
 20.000  80.000   0.400   -8.742e-08    7.216e-10   -6.890e-09    3.389e-11    0
 20.000  80.000   0.500   -8.632e-08    7.025e-10   -6.802e-09    3.338e-11    0
 25.000   0.000   0.500   -1.113e-06    4.751e-09   -1.873e-07    5.250e-10    0
 25.000 100.000   0.500   -1.274e-08    8.997e-11   -5.961e-10    2.518e-12    0
 25.000  20.000   0.500   -1.075e-06    4.592e-09   -1.832e-07    4.570e-10    0
 25.000  40.000   0.500   -8.539e-07    4.532e-09   -1.499e-07    3.866e-10    0
 25.000  50.000   0.400   -5.982e-07    4.175e-09   -1.001e-07    3.876e-10    0
 25.000  50.000   0.500   -5.909e-07    4.105e-09   -9.893e-08    3.827e-10    0
 25.000  60.000   0.400   -3.140e-07    2.697e-09   -4.403e-08    2.271e-10    0
 25.000  60.000   0.500   -3.102e-07    2.655e-09   -4.349e-08    2.241e-10    0
 25.000  80.000   0.500   -5.823e-08    4.696e-10   -4.562e-09    2.298e-11    0
 30.000   0.000   0.500   -5.120e-07    2.084e-09   -7.360e-08    2.010e-10    0
 30.000 100.000   0.400   -1.016e-08    7.935e-11   -4.884e-10    2.128e-12    0
 30.000 100.000   0.500   -1.004e-08    7.207e-11   -4.821e-10    2.096e-12    0
 30.000  20.000   0.500   -4.893e-07    2.073e-09   -7.128e-08    1.667e-10    0
 30.000  40.000   0.500   -3.814e-07    2.033e-09   -5.660e-08    1.606e-10    0
 30.000  50.000   0.500   -2.739e-07    1.856e-09   -3.879e-08    1.526e-10    0
 30.000  60.000   0.400   -1.629e-07    1.327e-09   -2.004e-08    1.013e-10    0
 30.000  60.000   0.500   -1.609e-07    1.310e-09   -1.979e-08    9.991e-11    0
 30.000  80.000   0.400   -4.004e-08    3.146e-10   -3.061e-09    1.553e-11    0
 30.000  80.000   0.500   -3.952e-08    3.107e-10   -3.023e-09    1.531e-11    0
  5.000   0.000   0.500   -4.619e-04    1.694e-06   -2.955e-04    7.528e-07    0
  5.000 100.000   0.400   -2.979e-08    2.223e-10   -1.046e-09    3.744e-12    0
  5.000 100.000   0.500   -2.943e-08    2.059e-10   -1.032e-09    3.682e-12    0
  5.000  20.000   0.500   -4.611e-04    1.691e-06   -2.953e-04    7.517e-07    0
  5.000  40.000   0.500   -4.509e-04    1.318e-06   -2.930e-04    7.641e-07    0
  5.000  50.000   0.400   -2.658e-04    1.157e-06   -1.726e-04    2.508e-07    0
  5.000  50.000   0.500   -2.628e-04    1.143e-06   -1.707e-04    2.478e-07    0
  5.000  60.000   0.400   -1.448e-05    1.214e-07   -3.466e-06    1.421e-08    0
  5.000  60.000   0.500   -1.430e-05    1.197e-07   -3.420e-06    1.400e-08    0
  5.000  80.000   0.400   -2.643e-07    2.164e-09   -1.686e-08    7.362e-11    0
  5.000  80.000   0.500   -2.609e-07    2.121e-09   -1.664e-08    7.246e-11    0
