      L       W    Grid       Energy    EnergyErr        Force     ForceErr Status
 10.000   0.000   0.400   -1.532e-04    4.047e-14   -4.269e-05    0.000e+00    0
 10.000   0.000   0.500   -1.514e-04    2.005e-14   -4.220e-05    0.000e+00    0
 10.000 100.000   0.400   -5.071e-07    4.492e-14   -1.527e-08    0.000e+00    0
 10.000 100.000   0.500   -4.972e-07    2.431e-14   -1.505e-08    0.000e+00    0
 10.000  20.000   0.400   -1.526e-04    3.011e-14   -4.262e-05    0.000e+00    0
 10.000  20.000   0.500   -1.508e-04    2.351e-14   -4.213e-05    0.000e+00    0
 10.000  40.000   0.400   -1.444e-04    4.101e-14   -4.148e-05    0.000e+00    0
 10.000  40.000   0.500   -1.427e-04    2.076e-14   -4.101e-05    0.000e+00    0
 10.000  50.000   0.400   -1.008e-04    2.671e-14   -2.830e-05    0.000e+00    0
 10.000  50.000   0.500   -9.966e-05    2.613e-14   -2.797e-05    0.000e+00    0
 10.000  60.000   0.400   -2.995e-05    4.465e-14   -5.026e-06    0.000e+00    0
 10.000  60.000   0.500   -2.958e-05    2.374e-14   -4.962e-06    0.000e+00    0
 10.000  80.000   0.400   -2.582e-06    4.492e-14   -1.437e-07    0.000e+00    0
 10.000  80.000   0.500   -2.546e-06    2.431e-14   -1.417e-07    0.000e+00    0
 15.000   0.000   0.400   -4.732e-05    3.744e-14   -9.480e-06    0.000e+00    0
 15.000   0.000   0.500   -4.675e-05    2.160e-14   -9.367e-06    0.000e+00    0
 15.000 100.000   0.400   -4.260e-07    4.494e-14   -1.433e-08    0.000e+00    0
 15.000 100.000   0.500   -4.216e-07    2.460e-14   -1.413e-08    0.000e+00    0
 15.000  20.000   0.400   -4.695e-05    3.414e-14   -9.445e-06    0.000e+00    0
 15.000  20.000   0.500   -4.637e-05    2.636e-14   -9.334e-06    0.000e+00    0
 15.000  40.000   0.400   -4.274e-05    2.888e-14   -8.902e-06    0.000e+00    0
 15.000  40.000   0.500   -4.222e-05    2.806e-14   -8.797e-06    0.000e+00    0
 15.000  50.000   0.400   -3.093e-05    4.422e-14   -6.224e-06    0.000e+00    0
 15.000  50.000   0.500   -3.056e-05    2.400e-14   -6.150e-06    0.000e+00    0
 15.000  60.000   0.400   -1.366e-05    4.422e-14   -1.995e-06    0.000e+00    0
 15.000  60.000   0.500   -1.349e-05    2.400e-14   -1.970e-06    0.000e+00    0
 15.000  80.000   0.400   -1.920e-06    4.494e-14   -1.163e-07    0.000e+00    0
 15.000  80.000   0.500   -1.903e-06    2.460e-14   -1.147e-07    0.000e+00    0
  1.000   0.000   0.400   -3.583e-02    1.742e-09   -7.975e-02    1.306e-08    0
  1.000   0.000   0.500   -3.525e-02    2.426e-09   -7.800e-02    1.139e-08    0
  1.000 100.000   0.400   -6.344e-07    4.374e-14   -1.527e-08    0.000e+00    0
  1.000 100.000   0.500   -6.330e-07    2.412e-14   -1.505e-08    0.000e+00    0
  1.000  20.000   0.400   -3.584e-02    1.842e-09   -7.978e-02    1.223e-08    0
  1.000  20.000   0.500   -3.524e-02    4.358e-11   -7.796e-02    1.155e-08    0
  1.000  40.000   0.400   -3.581e-02    1.128e-09   -7.978e-02    1.220e-08    0
  1.000  40.000   0.500   -3.521e-02    4.331e-11   -7.796e-02    1.155e-08    0
  1.000  50.000   0.400   -2.162e-02    1.533e-09   -4.613e-02    7.229e-09    0
  1.000  50.000   0.500   -2.122e-02    5.144e-10   -4.489e-02    4.679e-09    0
  1.000  60.000   0.400   -1.415e-04    2.707e-14   -2.161e-05    1.016e-20    0
  1.000  60.000   0.500   -1.396e-04    2.242e-14   -2.129e-05    1.016e-20    0
  1.000  80.000   0.400   -4.013e-06    4.374e-14   -1.643e-07    0.000e+00    0
  1.000  80.000   0.500   -3.958e-06    2.412e-14   -1.620e-07    0.000e+00    0
 20.000   0.000   0.400   -1.951e-05    3.813e-14   -3.078e-06    0.000e+00    0
 20.000   0.000   0.500   -1.927e-05    2.111e-14   -3.041e-06    0.000e+00    0
 20.000 100.000   0.400   -3.640e-07    4.408e-14   -1.295e-08    0.000e+00    0
 20.000 100.000   0.500   -3.589e-07    2.440e-14   -1.277e-08    0.000e+00    0
 20.000  20.000   0.400   -1.926e-05    3.340e-14   -3.058e-06    0.000e+00    0
 20.000  20.000   0.500   -1.901e-05    2.613e-14   -3.021e-06    0.000e+00    0
 20.000  40.000   0.400   -1.700e-05    2.921e-14   -2.789e-06    0.000e+00    0
 20.000  40.000   0.500   -1.679e-05    2.907e-14   -2.755e-06    0.000e+00    0
 20.000  50.000   0.400   -1.273e-05    4.479e-14   -2.007e-06    0.000e+00    0
 20.000  50.000   0.500   -1.257e-05    2.479e-14   -1.983e-06    0.000e+00    0
 20.000  60.000   0.400   -6.926e-06    4.479e-14   -8.744e-07    0.000e+00    0
 20.000  60.000   0.500   -6.846e-06    2.479e-14   -8.635e-07    0.000e+00    0
 20.000  80.000   0.400   -1.407e-06    4.408e-14   -8.853e-08    0.000e+00    0
 20.000  80.000   0.500   -1.400e-06    2.440e-14   -8.733e-08    0.000e+00    0
 25.000   0.000   0.400   -9.523e-06    3.813e-14   -1.249e-06    0.000e+00    0
 25.000   0.000   0.500   -9.406e-06    2.111e-14   -1.233e-06    0.000e+00    0
 25.000 100.000   0.400   -2.930e-07    4.408e-14   -1.134e-08    0.000e+00    0
 25.000 100.000   0.500   -2.991e-07    2.440e-14   -1.119e-08    0.000e+00    0
 25.000  20.000   0.400   -9.357e-06    3.340e-14   -1.236e-06    0.000e+00    0
 25.000  20.000   0.500   -9.227e-06    2.613e-14   -1.221e-06    0.000e+00    0
 25.000  40.000   0.400   -8.071e-06    2.921e-14   -1.096e-06    0.000e+00    0
 25.000  40.000   0.500   -7.976e-06    2.907e-14   -1.082e-06    0.000e+00    0
 25.000  50.000   0.400   -6.225e-06    4.479e-14   -8.111e-07    0.000e+00    0
 25.000  50.000   0.500   -6.153e-06    2.479e-14   -8.012e-07    0.000e+00    0
 25.000  60.000   0.400   -3.839e-06    4.479e-14   -4.239e-07    0.000e+00    0
 25.000  60.000   0.500   -3.797e-06    2.479e-14   -4.186e-07    0.000e+00    0
 25.000  80.000   0.400   -1.041e-06    4.408e-14   -6.500e-08    0.000e+00    0
 25.000  80.000   0.500   -1.024e-06    2.440e-14   -6.413e-08    0.000e+00    0
 30.000   0.000   0.400   -5.193e-06    3.766e-14   -5.862e-07    0.000e+00    0
 30.000   0.000   0.500   -5.124e-06    2.282e-14   -5.788e-07    0.000e+00    0
 30.000 100.000   0.400   -2.385e-07    4.380e-14   -9.687e-09    0.000e+00    0
 30.000 100.000   0.500   -2.450e-07    2.402e-14   -9.554e-09    0.000e+00    0
 30.000  20.000   0.400   -5.068e-06    3.443e-14   -5.772e-07    0.000e+00    0
 30.000  20.000   0.500   -5.002e-06    2.620e-14   -5.700e-07    0.000e+00    0
 30.000  40.000   0.400   -4.303e-06    2.975e-14   -5.008e-07    0.000e+00    0
 30.000  40.000   0.500   -4.262e-06    2.933e-14   -4.946e-07    0.000e+00    0
 30.000  50.000   0.400   -3.407e-06    4.514e-14   -3.803e-07    0.000e+00    0
 30.000  50.000   0.500   -3.365e-06    2.473e-14   -3.756e-07    0.000e+00    0
 30.000  60.000   0.400   -2.288e-06    4.514e-14   -2.238e-07    0.000e+00    0
 30.000  60.000   0.500   -2.264e-06    2.473e-14   -2.210e-07    0.000e+00    0
 30.000  80.000   0.400   -7.583e-07    4.380e-14   -4.689e-08    0.000e+00    0
 30.000  80.000   0.500   -7.497e-07    2.402e-14   -4.627e-08    0.000e+00    0
  5.000   0.000   0.400   -9.182e-04    4.258e-14   -4.382e-04    4.625e-16    0
  5.000   0.000   0.500   -9.079e-04    2.923e-14   -4.335e-04    4.482e-16    0
  5.000 100.000   0.400   -5.680e-07    4.379e-14   -1.556e-08    0.000e+00    0
  5.000 100.000   0.500   -5.769e-07    2.518e-14   -1.534e-08    0.000e+00    0
  5.000  20.000   0.400   -9.170e-04    2.965e-14   -4.381e-04    4.626e-16    0
  5.000  20.000   0.500   -9.068e-04    2.774e-14   -4.333e-04    4.480e-16    0
  5.000  40.000   0.400   -9.002e-04    2.883e-14   -4.356e-04    4.626e-16    0
  5.000  40.000   0.500   -8.902e-04    2.681e-14   -4.309e-04    4.480e-16    0
  5.000  50.000   0.400   -6.108e-04    1.525e-13   -2.922e-04    2.382e-16    0
  5.000  50.000   0.500   -6.039e-04    1.541e-13   -2.889e-04    2.296e-16    0
  5.000  60.000   0.400   -7.191e-05    2.694e-14   -1.282e-05    0.000e+00    0
  5.000  60.000   0.500   -7.099e-05    2.643e-14   -1.264e-05    0.000e+00    0
  5.000  80.000   0.400   -3.345e-06    4.379e-14   -1.622e-07    0.000e+00    0
  5.000  80.000   0.500   -3.306e-06    2.518e-14   -1.599e-07    0.000e+00    0
